# v 4
# #
# # This is a LAGO raw data file, version 4
# # It contains the following data:
# #   <N1> <N2> <N3>   : line with values of the 3 ADC for a triggered pulse
# #                      it is a subtrigger with the pulse maximum bin if only one such line is found
# #                      it is a trigger with the full pulse if 16 lines are found
# #   # t <C> <V>      : end of a trigger
# #                      gives the channel trigger (<C>: 3 bit mask) and 40MHZ clock count (<V>) of the trigger time
# #   # c <C>          : internal trigger counter
# #   # x f <V>        : 40 MHz frequency
# #   # x r C1-DD <V>  : raw temperature and pressure sensor value
# #   # x r D1 <V>     : raw temperature/pressure value
# #   # x r D2 <V>     : raw temperature/pressure value
# #   # x h <HH:MM:SS> <DD/MM/YYYY> <S> : GPS time (every new second, last number is seconds since EPOCH)
# #   # x s <T> C <P> hPa <A> m : temperature <T>, pressure <P> and altitude (from pressure) <A>
# #   # x g <LAT> <LON> <ALT>   : GPS data - latitude, longitude, altitude
# #   # x b <B1> <B2> <B3>      : baselines (NOT IMPLEMENTED IN LAGO)
# # In case of error, an unfinished line will be finished by # E @@@
# # Followed by a line with # E <N> and the error message in human readable format, where <N> is the error code:
# #   # E 1 : read timeout of 2 seconds
# #   # E 2 : too many buffer reading tries
# #   # E 3 : unknown word from FPGA
# #
# # Current registers setting
# #
# x c T1 75
# x c T2 1000
# x c T3 1000
# x c ST1 1000
# x c ST2 1000
# x c ST3 1000
# x c HV1 0
# x c HV2 1500
# x c HV3 0
# x c GPSTM UTC
# #
# # This file was started on luthier02
# # Machine local time was Mon Jun  3 17:48:34 2013
# #
# x h   21:00:00 03/06/2013 1370293200
49 49 50
50 52 50
93 51 86
483 51 111
334 50 72
162 51 56
85 51 52
61 51 52
52 50 51
56 49 51
55 50 50
51 50 50
# t 1 311175
# c 975648401
49 49 50
63 50 54
80 50 52
60 50 50
54 50 50
57 50 51
51 49 50
50 49 48
51 50 50
50 50 49
51 50 49
52 49 48
# t 1 416240
# c 975648402
50 50 49
50 51 49
80 50 51
62 50 52
90 50 49
64 50 51
51 49 50
51 50 50
50 50 50
50 50 50
51 50 50
50 50 50
# t 1 416352
# c 975648403
49 49 50
51 49 50
228 50 89
211 50 62
126 49 52
97 49 52
58 50 50
51 49 48
50 48 50
49 49 49
51 49 50
50 50 50
# t 1 436602
# c 975648404
51 49 51
51 49 49
78 50 50
50 49 50
50 49 51
50 49 49
50 49 50
51 49 50
50 49 50
51 50 51
51 49 49
50 50 49
# t 1 461641
# c 975648405
50 50 50
50 50 50
116 50 87
591 50 88
240 49 61
153 50 56
86 49 53
77 50 54
58 51 51
54 51 51
52 51 52
51 49 50
# t 1 499616
# c 975648406
50 49 50
50 50 53
249 50 90
255 50 65
128 50 56
78 50 54
55 50 51
61 50 50
51 50 50
52 49 49
50 49 51
51 49 50
# t 1 511214
# c 975648407
50 50 50
50 49 49
101 52 59
119 50 52
63 50 51
61 49 51
65 50 51
52 50 50
50 50 51
50 51 50
51 51 51
50 50 51
# t 1 599814
# c 975648408
50 51 50
50 50 50
297 50 87
272 50 79
173 51 53
65 51 57
57 51 49
54 51 51
50 50 51
51 50 51
50 50 51
49 51 51
# t 1 682605
# c 975648409
50 50 51
49 51 50
111 50 68
87 49 53
71 50 52
61 48 51
52 50 49
50 51 50
50 50 50
49 51 51
50 49 49
49 50 49
# t 1 778617
# c 975648410
49 50 48
53 50 59
415 50 99
295 50 65
153 50 56
82 50 55
59 50 51
54 49 50
51 49 49
50 50 50
51 50 50
50 50 51
# t 1 820783
# c 975648411
50 50 49
55 51 55
75 50 53
54 50 55
53 50 50
51 49 50
53 49 51
50 50 50
50 49 50
49 49 50
50 51 50
51 50 49
# t 1 865355
# c 975648412
50 48 51
52 51 52
135 50 59
111 49 51
71 51 52
76 50 50
54 49 50
54 51 50
52 50 52
53 50 51
51 50 50
51 51 50
# t 1 996769
# c 975648413
50 49 50
50 51 51
185 51 63
78 51 53
63 49 51
60 50 50
54 51 51
51 51 51
50 49 50
51 50 50
51 50 49
51 49 50
# t 1 1003207
# c 975648414
50 49 51
58 51 69
575 50 104
334 50 73
127 50 60
99 50 59
73 50 51
68 50 53
54 50 51
53 50 49
51 50 50
52 50 50
# t 1 1008690
# c 975648415
50 51 51
49 50 50
230 49 111
443 51 104
319 49 70
127 50 53
71 51 53
59 51 51
63 51 51
51 49 48
50 49 49
51 50 50
# t 1 1065802
# c 975648416
50 50 50
49 51 50
106 50 61
115 50 51
86 48 54
68 50 50
56 50 50
54 50 50
49 50 51
54 50 50
51 51 50
50 51 51
# t 1 1078039
# c 975648417
49 50 50
64 51 68
105 51 65
118 50 53
64 50 52
52 51 52
56 51 51
51 50 51
51 51 52
50 50 52
52 50 51
51 50 50
# t 1 1128652
# c 975648418
50 50 50
49 51 51
79 51 50
59 50 51
56 50 52
53 50 51
50 50 48
49 50 49
50 50 50
49 50 50
49 50 51
50 50 50
# t 1 1177957
# c 975648419
50 50 50
50 50 50
120 51 79
160 50 64
144 50 63
77 51 52
67 51 50
52 50 50
49 50 50
50 50 49
49 50 50
52 50 50
# t 1 1312449
# c 975648420
49 50 50
50 49 50
147 51 65
212 49 58
103 51 65
96 51 52
55 50 52
58 49 50
54 50 50
51 50 51
50 50 50
50 49 50
# t 1 1342216
# c 975648421
50 49 49
50 49 49
91 49 104
530 50 100
282 50 74
138 49 58
79 49 50
61 49 49
61 49 50
53 50 50
51 50 48
52 49 50
# t 1 1399565
# c 975648422
50 50 50
54 50 57
82 49 55
73 49 54
56 50 51
64 50 49
52 49 50
50 50 50
52 50 50
51 48 50
49 49 48
50 50 50
# t 1 1466201
# c 975648423
50 49 49
50 50 48
100 50 71
242 49 53
117 50 66
100 50 55
84 50 50
55 49 51
50 50 50
51 50 50
50 49 50
48 49 51
# t 1 1469249
# c 975648424
51 50 50
53 51 50
91 50 77
467 50 86
187 50 62
86 50 54
81 50 51
55 50 51
53 48 51
53 50 51
53 50 48
53 50 50
# t 1 1488597
# c 975648425
50 50 50
50 50 49
86 50 50
56 50 53
53 50 51
49 50 50
51 50 51
49 50 51
51 51 50
50 50 50
48 50 49
50 50 50
# t 1 1599858
# c 975648426
51 50 50
53 50 53
139 49 63
175 50 55
70 50 53
62 50 51
52 50 51
51 50 51
51 50 50
51 49 50
51 51 51
52 51 51
# t 1 1634279
# c 975648427
50 51 51
49 51 50
129 51 51
62 51 51
54 51 50
50 50 49
50 51 50
50 50 50
51 51 50
50 49 50
49 51 49
50 51 50
# t 1 1663338
# c 975648428
51 50 51
50 51 49
76 51 56
84 51 50
59 50 52
64 50 50
52 50 50
50 51 50
52 52 51
50 50 51
51 50 50
50 51 50
# t 1 1714054
# c 975648429
50 51 50
49 49 49
364 50 108
422 50 78
119 50 60
104 50 58
75 49 48
54 50 49
52 50 48
52 50 48
50 50 50
51 50 50
# t 1 1747174
# c 975648430
50 50 49
54 50 61
484 50 116
366 50 77
184 49 63
110 51 53
83 50 50
57 50 49
52 51 48
51 50 50
51 50 50
51 50 49
# t 1 1774685
# c 975648431
49 50 48
50 50 51
575 50 111
398 51 76
179 50 63
82 50 53
59 50 52
54 51 52
54 50 50
51 50 51
50 50 50
52 49 50
# t 1 2058587
# c 975648432
50 50 52
52 50 53
89 50 83
446 50 91
191 51 63
120 51 52
68 50 51
57 50 51
53 51 51
52 51 51
52 51 51
50 49 51
# t 1 2085932
# c 975648433
49 50 50
74 50 60
164 50 63
100 50 57
83 49 51
65 50 50
51 49 50
52 50 51
50 50 50
51 50 51
51 50 50
50 50 48
# t 1 2108828
# c 975648434
50 50 49
54 50 58
86 50 55
82 49 51
50 49 50
50 50 50
50 51 51
51 50 50
49 50 49
50 50 50
50 50 50
50 50 50
# t 1 2134743
# c 975648435
51 50 48
50 50 49
75 50 50
51 49 50
51 50 50
50 50 49
50 50 50
49 50 51
49 49 50
50 49 50
50 50 50
50 50 50
# t 1 2137198
# c 975648436
49 50 50
55 51 59
217 49 57
185 50 60
89 48 51
60 50 51
53 50 51
50 50 50
52 50 50
51 50 50
49 50 50
50 50 50
# t 1 2181452
# c 975648437
49 51 49
72 50 51
77 50 52
64 49 57
55 50 50
49 49 50
51 49 50
49 50 50
50 51 50
49 51 50
49 50 49
51 50 50
# t 1 2257412
# c 975648438
50 50 50
50 51 51
81 49 53
77 50 52
59 51 51
50 50 50
50 50 48
50 50 49
50 50 50
51 50 50
50 49 49
51 50 50
# t 1 2279629
# c 975648439
50 51 51
49 50 48
88 51 48
59 50 48
52 50 50
50 49 48
50 51 49
50 50 49
50 50 49
49 50 49
49 50 50
50 49 50
# t 1 2287902
# c 975648440
50 49 49
48 49 48
119 50 70
385 50 88
247 51 58
106 49 54
68 50 51
56 49 50
64 49 52
52 49 49
51 50 50
50 51 51
# t 1 2337602
# c 975648441
50 50 52
52 50 51
162 50 64
193 52 57
85 50 52
72 51 52
52 50 52
52 50 52
51 50 51
52 49 50
50 50 50
52 50 51
# t 1 2609973
# c 975648442
50 49 50
50 50 51
111 49 69
193 49 60
118 50 57
74 50 50
57 50 51
50 49 50
50 51 49
50 50 50
50 50 50
49 49 49
# t 1 2621208
# c 975648443
50 49 52
57 49 51
89 50 59
77 50 55
56 50 52
62 50 52
49 49 51
51 51 50
51 49 52
50 50 52
50 50 50
51 50 51
# t 1 2663197
# c 975648444
50 50 49
49 50 50
366 50 97
387 50 82
218 51 58
82 50 52
59 50 48
52 51 50
52 50 49
50 51 49
51 50 49
51 51 50
# t 1 2813005
# c 975648445
50 50 50
49 50 48
92 50 67
128 50 68
127 50 52
75 50 52
63 51 53
53 50 50
49 49 50
50 50 48
51 49 49
50 50 49
# t 1 2813878
# c 975648446
50 51 49
73 49 80
228 49 72
176 51 55
91 50 52
56 50 50
52 50 50
52 50 50
50 50 50
50 50 51
52 51 50
50 50 48
# t 1 2861372
# c 975648447
51 50 51
50 51 51
90 51 61
127 51 64
76 50 50
60 51 51
55 50 51
52 51 50
52 50 50
51 50 50
49 51 50
50 51 50
# t 1 2862199
# c 975648448
51 50 51
51 49 50
447 50 133
434 50 86
230 51 63
92 50 52
62 50 50
54 50 52
53 49 50
50 49 50
50 51 52
52 50 50
# t 1 3092094
# c 975648449
50 50 51
50 50 49
146 49 97
353 49 93
237 50 67
102 50 53
70 50 51
65 50 50
53 49 50
50 49 50
51 50 49
49 50 51
# t 1 3103367
# c 975648450
49 50 50
51 50 51
75 50 54
129 51 52
57 50 50
55 50 51
53 50 51
50 50 50
51 51 50
50 50 50
50 50 50
49 50 50
# t 1 3109524
# c 975648451
50 51 51
50 49 50
309 49 113
621 50 137
285 50 75
128 50 60
85 49 53
83 50 52
62 48 52
57 49 50
52 50 50
50 50 50
# t 1 3185445
# c 975648452
50 51 50
55 49 96
414 50 80
171 50 64
102 50 53
72 50 52
53 49 48
51 50 50
52 50 50
50 50 50
50 49 50
53 51 50
# t 1 3239325
# c 975648453
49 50 50
50 50 50
317 50 114
400 50 96
176 51 61
119 50 55
71 49 50
53 50 49
52 50 49
50 49 50
50 49 49
51 50 48
# t 1 3253697
# c 975648454
51 49 50
50 49 50
78 51 55
54 51 50
54 51 49
51 50 50
51 50 51
52 49 50
50 50 49
50 51 50
50 49 50
52 48 50
# t 1 3259399
# c 975648455
52 49 50
50 49 50
383 50 160
688 51 109
321 49 74
149 51 57
102 50 51
58 51 51
58 49 53
54 49 50
51 49 51
54 50 51
# t 1 3270586
# c 975648456
51 51 50
51 51 59
599 50 126
454 51 77
184 50 55
75 51 51
64 51 53
66 50 50
53 50 50
53 50 50
75 50 53
54 50 48
# t 1 3400056
# c 975648457
50 51 50
50 51 51
78 50 54
73 50 53
53 50 52
53 51 51
50 50 51
50 50 50
49 50 50
50 50 50
49 50 50
50 50 50
# t 1 3487892
# c 975648459
50 50 48
50 50 58
184 51 59
99 50 53
61 51 50
52 51 50
68 51 50
53 50 50
50 50 49
50 52 49
51 50 50
49 50 49
# t 1 3811411
# c 975648460
51 50 49
51 50 47
100 50 77
681 50 100
302 50 69
167 51 54
77 50 53
59 50 50
53 49 48
53 50 50
52 50 49
52 51 50
# t 1 3832351
# c 975648461
51 51 51
50 50 52
77 49 55
58 51 50
62 50 50
52 49 53
53 50 50
50 49 50
50 51 49
51 50 50
50 50 50
50 50 50
# t 1 3833068
# c 975648462
49 51 50
50 51 49
76 50 51
52 51 50
50 51 49
50 50 50
51 51 50
50 49 51
49 50 49
50 50 50
51 50 50
50 51 50
# t 1 3842619
# c 975648463
50 51 50
50 50 50
326 50 107
400 51 77
151 50 64
103 51 63
75 50 50
66 50 53
56 50 51
51 50 49
51 50 48
50 51 51
# t 1 3851549
# c 975648464
50 49 51
52 51 51
86 51 50
52 50 51
50 52 50
51 51 50
51 51 51
50 49 51
49 51 50
50 50 51
50 50 50
50 50 49
# t 1 3993964
# c 975648465
51 49 49
49 51 51
184 49 106
585 50 95
184 49 57
113 50 57
90 50 52
72 50 51
57 49 51
52 49 50
51 49 49
51 50 49
# t 1 4156935
# c 975648466
49 50 48
50 50 48
385 50 102
449 49 78
152 50 63
85 50 53
72 51 53
61 50 50
52 50 50
51 50 50
51 50 50
51 51 50
# t 1 4218048
# c 975648467
52 50 48
63 49 50
78 50 49
54 50 50
49 50 50
49 50 50
50 50 49
50 51 49
49 50 48
48 50 49
50 50 50
49 50 50
# t 1 4273806
# c 975648468
51 50 50
49 50 49
77 50 50
51 50 50
50 50 51
52 50 50
51 50 50
49 51 51
52 51 50
49 50 49
48 50 49
49 50 49
# t 1 4331685
# c 975648469
51 51 51
63 51 60
79 50 58
70 50 50
53 50 51
52 50 50
51 50 48
51 50 50
51 50 50
51 50 49
50 50 50
50 50 49