# alterna producidos con detectados
/ 1 GeV igual que otros
43292
317
43958
379
43471
320
41789
357
40113
313
49131
325
41955
266
40278
260
47250
406
40359
327
42816
304
43746
315
39464
265
39952
275
39324
359
41007
283
41913
316
40064
337
46576
331
48786
398
40812
279
42653
300
43479
289
40660
349
50798
623
40923
306
42186
483
43534
425
43820
382
45616
376
44029
297
40866
311
45536
344
42799
303
43148
301
38965
285
45426
312
43783
321
41004
316
44473
353
41461
364
39730
290
40260
338
40588
303
39140
315
41508
295
39787
317
39956
274
40279
293
41571
300
40508
301
43838
331
44215
368
41380
264
42456
393
40498
304
41114
294
41156
316
42971
379
46946
423
45843
345
40912
300
38802
281
43170
344
43801
331
42892
315
41662
305
39302
299
40082
273
42672
629
41514
320
44136
391
42179
331
41163
290
44565
334
39194
283
41893
396
40318
457
40465
277
42648
353
40257
434
43430
318
41434
436
44004
384
41065
306
40226
296
42283
312
41010
309
50923
391
59028
447
41274
264
44773
370
45481
353
48001
352
46964
340
46545
488
44254
307
45865
310
41426
294
39140
273
45029
349
45250
467
45069
526
40175
340
44978
306
46525
471
43880
361
39980
266
50865
350
42341
388
42800
365
40632
260
43398
519
40587
266
44649
290
47965
321
40985
320
44462
362
41245
278
46964
426
43587
284
43438
329
40730
301
42154
318
41457
323
40369
274
43051
319
45298
326
40352
303
47061
453
40984
319
38641
259
41833
349
40237
278
43476
381
40124
308
45601
425
39032
304
43573
330
40102
273
41020
299
41811
284
46364
404
40081
338
40587
272
40708
308
41897
310
48060
370
45442
299
41745
289
39665
357
40588
284
41586
329
43997
368
42079
260
50859
379
44223
393
40498
305
41955
307
44461
295
41270
323
40392
321
39631
269
41607
294
40112
272
45217
252
44267
362
43180
445
42044
309
40571
323
41441
358
48378
641
42922
291
39050
275
50261
347
39413
293
40923
276
41173
334
44860
381
41685
314
50624
305
40508
343
45734
483
40438
307
39787
305
47213
440
39166
280
44689
376
51980
448
39273
277
47992
353
45348
335
44281
335
50095
329
39258
277
40064
295
39950
296
41413
403
41158
401
43563
364
45315
330
51960
396
44730
332
43714
306
41832
345
42517
307
41166
349
42561
328
42703
429
41122
359
41295
300
39737
308
42577
374
41928
369
39779
292
63977
460
40855
285
47768
393
43618
386
41911
315
51063
538
44939
326
46271
349
41333
359
46629
317
42697
333
41659
364
40587
312
40350
288
45316
398
49581
428
48093
340
40052
303
42792
288
40527
335
42204
304
39454
313
45620
371
46980
427
40658
273
45299
355
46073
436
40729
297
44416
302
50933
291
42872
318
40264
398
42413
333
40895
290
39543
287
43591
323
41479
308
43382
293
41697
299
39832
417
41949
307
45088
305
40968
404
40745
351
39471
303
44712
330
40805
284
50079
364
42731
352
40483
497
41086
292
42395
534
42438
304
41161
315
43274
334
43133
340
41660
338
41616
299
41604
296
41462
273
41791
307
40566
303
50539
360
41779
307
42303
333
39506
272
40478
311
40300
297
46380
341
48374
335
40132
266
40958
304
52562
397
40987
309
40994
296
50819
405
39835
293
38313
260
41628
302
41497
310
39890
309
41475
338
41185
296
43435
326
42132
343
47152
452
40417
324
45084
337
41071
286
46413
323
44952
330
42093
339
41033
309
38797
274
42057
311
41302
286
39403
283
40210
318
44101
308
41448
286
38478
287
40062
296
40811
271
43286
323
40300
296
42003
322
43981
361
42324
334
40577
301
43187
291
40714
298
41289
293
48075
381
44443
347
46682
443
42907
431
43989
283
40719
276
43362
322
44360
307
41269
366
41033
262
40009
308
41183
303
50422
361
39878
321
40220
307
41187
442
43252
346
40824
286
43903
371
40072
287
44155
297
42546
297
41573
279
42059
311
41039
274
40631
293
50288
382
43979
512
39680
288
42812
339
42287
355
46848
287
50570
371
41972
355
40404
286
50209
394
49094
352
44182
270
56375
411
41573
287
46487
364
42049
267
41332
362
40174
264
42416
304
42708
318
46568
423
39483
369
42194
324
45838
378
49629
364
41204
288
44691
282
43242
332
46912
351
42153
279
46219
501
43136
318
39879
472
47391
326
41251
329
42120
290
52452
362
44188
311
39471
435
44848
345
44633
348
50355
465
41223
370
42796
374
38918
269
46157
297
40207
385
42712
292
44434
307
44105
350
40951
323
45111
341
40545
283
42601
283
44249
372
44481
434
42515
299
50683
344
45157
344
42307
298
47009
326
43449
375
41658
315
42114
324
45706
320
45520
342
45159
367
46183
317
40235
288
42579
430
41013
282
40645
294
44560
390
39802
296
40363
291
42541
308
42013
319
42459
303
44421
345
44863
335
42609
257
41454
360
44688
298
47277
370
44590
446
39427
370
40116
292
43718
352
41373
349
40421
459
45167
317
43991
387
44067
324
44790
294
49302
297
42466
326
43898
417
41896
343
40046
301
45318
332
43994
312
41730
305
42310
309
41522
296
46120
326
42972
796
44534
298
41279
307
40554
458
43749
410
47668
321
39709
305
45054
308
43711
325
40731
302
45122
391
40636
278
39341
291
43469
313
39492
310
53062
441
40146
321
42627
338
41852
288
46210
318
41071
283
44867
400
46191
314
41430
307
43786
466
43883
299
40802
306
44257
298
43554
648
42569
369
40756
322
42206
303
40206
296
40887
292
40776
353
44064
351
40237
316
42547
292
41302
288
39084
260
41201
270
41998
289
41279
315
45153
318
56586
390
42286
300
39272
277
57933
481
44994
742
44118
305
42019
308
44549
302
47942
325
40197
247
40108
283
42767
318
42850
335
45521
355
39622
303
40281
277
41300
347
41886
268
42372
346
45965
383
40975
335
42676
372
39068
273
42242
258
41380
363
41616
394
45666
372
40510
320
43091
344
39498
275
42193
445
40422
353
47187
432
39150
286
40913
632
46744
340
40194
264
41403
315
47181
357
43604
378
49703
535
42959
345
42097
325
40516
279
40602
333
40270
312
40356
294
47473
305
39263
313
43593
296
42111
290
46139
416
43422
306
46507
366
47575
352
41528
322
46438
353
42757
316
39868
282
42805
266
41956
324
43591
297
40726
264
39548
285
41145
297
41360
360
44022
319
40280
405
41713
298
41651
332
41890
293
39228
271
39621
306
39170
261
39624
318
41454
276
41448
373
47418
360
47078
340
46366
310
41486
379
42538
412
42448
345
41990
328
41250
294
40117
385
42374
302
41833
327
39854
275
41389
330
43312
309
43459
289
47358
411
41972
300
46003
338
42164
311
38953
296
42882
289
46536
317
44549
370
41641
345
55435
387
41679
258
40280
289
38609
303
41283
286
38924
290
45984
348
41583
298
40509
325
46347
337
39538
297
44100
330
43888
442
41273
325
47050
347
49575
480
40516
372
45677
325
42500
341
42630
310
41313
336
44206
426
44324
304
46951
339
40230
291
45398
334
39210
270
40709
306
43262
519
42472
296
42150
310
39785
277
45416
359
39237
272
45836
346
40697
283
40883
266
51986
393
40799
330
40673
300
43266
323
44337
322
40031
289
44032
297
44115
329
45870
453
43036
292
40293
280
40776
310
39904
319
40070
288
40074
290
39324
299
46798
335
44938
374
51142
358
42036
296
39838
307
39870
298
45928
295
42545
292
41894
387
43315
312
41919
342
58487
388
46688
324
43792
300
48559
311
42669
321
42850
331
46985
389
39233
286
41147
407
41139
320
46832
348
49119
333
46522
307
41263
298
51340
352
43892
325
40227
450
44221
335
40149
382
44472
336
40893
329
39785
277
40363
266
44592
410
43658
307
42253
395
43955
325
41838
306
42718
313
41650
313
43611
291
40516
327
44499
351
40241
339
41864
300
45359
335
45360
494
40676
317
53057
396
45594
366
46801
349
50684
331
39763
273
40791
313
39949
347
40981
342
40558
291
40726
300
42054
348
47329
362
39642
327
43056
344
42035
254
43619
346
42566
302
40529
288
41826
287
41451
281
45691
331
39273
298
41459
360
40579
330
41896
346
41027
315
53544
369
53919
407
40069
292
40647
316
43440
564
43317
293
41896
319
41596
345
40617
280
48345
478
40614
346
41804
319
42990
253
47114
329
45773
322
39625
274
43528
339
40156
370
43530
290
40605
300
42206
350
38605
260
39503
350
40201
320
54069
374
39304
238
57425
428
47329
342
43178
316
45385
297
42274
316
46803
364
39874
265
41102
313
41798
299
40299
300
43684
296
44891
623
41415
285
40807
362
47214
333
41826
280
39316
314
40983
296
41263
319
47292
502
46638
305
45597
321
46333
390
39345
352
39174
282
39647
327
40601
311
40919
274
40964
358
53312
391
46541
339
51166
622
45295
439
48143
373
43009
315
43477
363
42696
360
40901
371
39867
291
48092
379
43112
324
40968
277
51829
330
44079
324
39672
331
42898
360
39663
270
40329
329
43323
316
41391
281
40794
304
45517
410
43907
312
39339
290
46085
338
41115
431
45588
351
40459
353
46300
310
47737
335
40944
317
41511
314
39945
394
42513
336
41701
281
43530
313
40798
301
39710
241
40153
289
42202
286
42779
368
42829
412
39393
257
44167
336
42838
292
41142
364
42989
316
40682
276
40056
315
42576
346
40165
302
40446
282
48311
592
41869
321
41698
317
42083
357
44072
347
39661
301
40167
272
42013
261
45519
429
38764
278
40115
292
43196
359
40602
293
41655
346
40465
268
43612
316
42681
281
39613
300
43579
363
42051
271
39413
266
41515
371
40802
304
40278
301
50528
412
41513
467
42523
300
48058
939
44861
284
41417
327
46339
330
44247
334
43106
293
43231
512
43108
344
44163
339
42884
333
45252
309
40168
268
40630
281
44166
328
39758
341
44105
300
41074
312
43530
364
41972
332
40589
314
41692
339
41093
329
49723
517
44661
378
40905
276
44668
371
39266
294
39481
238
42393
325
44019
322
39907
319
48912
409
43391
295
41273
290
44652
334
42537
492
46442
312
40922
399
45570
336
45788
620
38344
282
43980
306
43946
353
38581
308
39955
303
44462
328
39748
272
40392
291
42158
333
41688
285
44452
361
50850
365
41735
246
45533
396
42520
323
43258
400
41691
284
52556
343
41599
319
45256
348
44293
309
43212
303
46251
380
42115
280
43230
324
40763
319
41260
325
42058
395
41515
386
49093
357
42549
350
44303
363
39926
276
48219
322
43924
354
41800
287
42711
390
46154
327
43683
304
46217
374
41876
270
39164
251
39422
305
43090
296
46229
470
41988
294
43224
315
43003
334
42719
296
42440
299
41346
263
42703
379
43216
350
41112
353
42545
391
42005
361
48380
435
46524
350
39327
320
43290
323
45329
340
47004
388
40625
296
40615
290
46292
329
42368
309
41115
341
41810
276
42054
293
39161
291
56596
382
43117
300
43847
317
40139
304
47965
548
39427
315
40565
379
43673
322
39411
264
42296
307
47715
384
40330
297
46643
421
39093
303
38955
284
42947
309
39953
367
40589
316
47052
333
40442
306
40311
261
40075
278
40317
340
42093
324
