# alterna fotones producidos y fotones detectados
/ 2 GeV posición 0 10 57 cm direccion 0 0 -1
41710
335
41968
302
53848
313
51519
382
54576
405
43881
355
41128
312
42910
323
42795
279
43157
310
46923
327
41885
387
43024
472
47761
496
42926
307
40897
351
47644
355
41113
309
44601
376
47309
398
46691
322
60135
500
46084
416
64077
480
57997
402
43115
318
45397
326
44471
315
41201
303
40747
283
42125
337
54505
336
40983
318
49442
541
47147
378
43261
406
56848
378
43544
332
45188
707
40723
334
43371
301
49225
379
50719
313
50311
399
43358
277
44585
347
39531
273
45569
358
40036
317
41752
360
43972
432
44889
300
47519
370
53493
370
42656
293
45844
496
42901
328
44494
307
42546
321
39490
248
42004
308
41627
297
44419
417
41815
279
47592
426
41454
323
43310
303
45765
336
42253
326
41791
257
42674
352
43301
361
42302
301
39440
230
42239
320
41220
312
56131
506
40958
370
50571
403
46224
348
46626
377
64234
448
40119
278
48841
339
40391
279
53762
418
41025
334
40191
315
41309
323
43254
328
41164
325
40649
373
40786
287
40505
312
46100
460
45901
375
41956
315
53752
360
44600
340
40489
317
42946
344
42744
301
43816
355
41326
282
44143
358
48541
398
40350
294
45533
359
44281
315
46345
313
48648
385
43590
338
40628
261
42481
358
81048
506
50472
374
44150
305
64148
542
41432
275
79068
687
42092
289
41300
296
44229
387
46066
334
40868
308
47185
503
45379
309
45559
344
41309
298
39802
290
40977
314
40822
322
54860
406
45823
308
51027
623
44116
407
43477
302
42488
351
44879
374
40964
274
39883
265
46304
353
44575
322
53246
370
40388
302
41713
326
41728
325
45298
357
52005
499
48646
343
41313
404
46429
370
40698
275
51207
451
48593
353
42150
282
49930
362
40397
276
51577
383
41893
387
41687
298
65756
409
44461
315
45719
345
46729
321
43733
308
46298
452
42054
367
46373
349
42054
331
46120
346
40993
325
42989
317
45382
361
44144
355
42203
301
44423
345
43069
300
40258
281
40697
251
42865
343
47536
356
43048
288
47526
401
45126
296
39923
305
40474
354
49584
308
43818
336
43810
503
41873
439
39897
262
46310
355
46622
335
44104
328
59225
384
42502
276
42484
310
46189
569
42200
313
49260
494
39403
285
42958
351
43905
333
41555
301
41744
442
41740
290
40082
279
39845
301
40902
327
46693
343
43491
310
43360
303
45294
311
44639
316
41870
256
39154
296
46815
370
41033
300
43780
363
49088
439
41405
301
40279
267
41938
335
41868
300
51364
338
47532
279
39406
292
45079
385
52482
379
40845
267
40567
432
42913
316
48636
319
50195
370
40917
309
46043
350
45490
343
45289
290
39545
307
41768
297
40318
327
44125
299
43974
433
43702
347
41384
293
48949
320
43216
445
46337
380
43749
303
43819
297
59269
478
41399
297
43698
443
45085
323
43796
438
41906
327
47137
361
42124
297
42147
302
42642
305
42027
402
41011
306
38834
313
52153
484
39738
284
43304
346
45130
344
39858
483
38848
243
42548
292
42320
308
47874
330
46685
488
44897
320
48078
312
42591
413
51677
434
51719
326
40195
302
41949
281
40897
283
43916
351
40736
263
43014
359
41999
285
42443
324
43042
341
45301
292
41908
279
40265
308
40573
321
47096
505
42291
370
40638
318
44041
319
41081
308
47326
559
42138
329
41050
276
42825
329
42570
271
42883
296
42792
292
42637
317
42873
338
44510
390
41801
366
41819
337
47865
334
40373
249
64221
490
45622
350
55068
616
42916
288
41132
287
43544
320
60794
778
49641
349
44057
388
61045
411
40906
315
42011
463
47503
320
45950
306
46416
339
45374
319
51759
368
41201
299
40829
323
42473
287
40772
298
53153
404
54585
365
42245
299
52612
328
43900
488
55630
373
55394
642
47250
351
42019
412
40712
303
42617
295
45874
365
45900
353
51074
439
73159
588
45828
696
40275
280
46829
372
41856
285
46104
408
42171
501
40274
291
41283
342
41323
297
45656
290
43413
313
40196
408
41289
331
52999
375
40940
513
48341
381
40196
249
44857
328
46253
467
41791
332
42742
416
40985
278
46566
393
47326
363
42269
289
39814
280
43441
413
62195
463
44802
642
39495
255
40991
297
57844
337
46081
364
40115
279
45092
327
43147
316
42244
273
39513
303
40963
288
44907
366
45977
336
45083
342
48100
356
47999
418
40478
269
44891
311
40455
303
43637
307
45455
340
39621
284
50908
399
69708
548
46074
345
43561
397
46548
313
48726
431
40399
272
44788
334
43031
369
54195
328
42916
340
40540
303
55821
386
40436
281
61215
387
43295
356
41204
292
42027
370
41095
328
43173
292
40425
279
46313
335
41985
377
43186
290
50355
364
40535
290
45015
301
40649
298
44066
680
45035
318
67491
534
42294
315
45611
323
43644
397
52480
429
42618
450
47489
375
42399
303
50380
520
43377
318
43424
333
43340
323
39144
288
54168
427
49383
433
40947
300
54231
368
49495
366
39524
287
48159
420
40044
284
40162
322
41794
410
42104
353
39819
289
63571
381
46454
476
39510
274
40699
350
44483
381
63794
372
42793
312
44603
312
45929
358
40279
290
41743
287
40893
300
39866
288
51873
361
47562
333
45589
306
41899
279
51873
356
45731
298
51823
326
45381
340
45737
359
41481
483
41965
364
42587
373
40823
388
41708
311
41165
325
44855
371
42720
375
43532
330
46027
350
39925
264
40842
282
42168
329
42602
304
46320
282
41015
337
47888
392
48587
402
39545
296
40342
297
49531
303
40493
289
40427
310
47175
317
47164
327
43313
334
41223
318
49269
392
41352
288
45860
290
47961
362
46362
336
40890
298
49756
346
48943
409
40566
288
41785
294
44682
407
41297
312
42645
333
52542
350
42480
299
41210
274
44569
316
41802
322
42329
330
44153
357
46182
334
41105
282
42568
303
45094
352
43215
289
56204
472
40061
263
43324
295
42451
383
47790
489
38718
283
39842
258
41124
299
43666
335
42046
372
45099
387
40278
328
40398
284
43434
355
43527
392
40801
292
41899
290
48390
317
41501
274
40279
298
46047
577
42799
340
42739
297
44240
583
48199
433
41103
289
42107
299
66627
747
40857
345
47393
329
41091
340
44652
278
51893
340
44902
297
43664
308
46133
351
42585
305
41134
304
50738
321
43744
294
52931
341
45128
330
42784
304
48233
336
40129
304
46792
393
55434
457
56053
331
40864
311
44374
301
40641
279
39292
251
46127
621
43952
309
47266
347
41287
312
44942
389
40669
255
47697
409
41764
321
48053
353
45769
338
43146
321
44570
294
42908
357
45128
376
38714
264
43915
357
42110
298
44768
428
39578
263
47404
376
45537
414
41656
316
47342
471
43024
326
56322
331
41053
285
40772
292
59187
313
44455
652
43941
509
50759
424
40981
307
39998
340
40342
328
46413
360
41577
287
42752
338
45194
346
46948
396
45362
299
41514
282
42503
660
45801
296
51337
380
45206
336
48929
286
42587
328
44965
336
47513
369
46455
562
53561
585
42911
322
47145
355
43627
294
43479
334
47723
342
47506
383
46011
286
43325
336
40638
356
54161
318
46642
440
41230
303
50809
334
42368
441
44023
386
48017
314
41655
305
39863
263
52415
374
44123
265
41452
292
41941
351
48682
314
44240
283
46310
469
45773
408
44499
312
40383
283
42875
392
44697
331
44174
294
44757
320
46306
370
40959
306
44199
306
42627
364
42419
318
41582
338
41974
280
41139
260
46679
535
51547
325
41061
294
45500
349
61280
368
48527
359
42854
351
39627
335
44750
361
40925
337
53879
518
56988
338
55812
493
43377
394
44854
337
56780
493
46113
338
40945
348
43271
313
46798
306
47296
383
46067
345
40664
443
63333
393
42919
274
43462
455
50568
381
41389
295
40608
272
63958
408
47172
335
43142
537
42492
317
41022
301
54890
380
43313
318
49145
380
40587
307
40571
303
44342
333
42397
320
45966
540
41412
317
59228
405
41313
276
50258
440
50723
412
42628
358
48528
339
44792
416
40583
283
42328
339
42876
318
47509
358
39890
300
43139
315
46242
319
41161
305
41908
330
45095
349
43265
288
42144
308
41861
283
42758
381
64050
442
41751
273
47065
321
42573
302
40732
268
51684
355
47194
369
40583
316
49050
320
40874
320
45139
375
41299
339
44798
367
43990
324
42446
283
44788
350
42524
346
43037
306
46244
322
39951
317
40772
299
42766
285
39945
293
40778
321
48251
461
47183
414
42638
311
41283
276
40547
283
43219
362
44387
350
52186
321
41434
277
43100
302
44604
286
58387
345
39552
336
63504
604
41722
289
42006
320
40025
325
42520
306
43769
306
44525
295
42803
290
39987
423
42460
279
44906
361
41615
291
56059
486
42186
269
43450
364
46399
404
40788
281
41174
288
45987
302
43292
316
44772
314
41512
306
47721
515
41689
298
47107
302
42514
286
40088
304
39325
267
39952
303
39338
282
42143
470
45491
314
61967
615
50300
357
42897
311
44327
316
46262
371
41171
333
47166
354
45439
355
41872
335
57113
406
42863
325
43513
292
40868
280
46241
340
40390
298
41059
270
51685
341
44454
488
44120
292
40477
317
53806
464
44805
346
41208
275
47031
479
45969
380
43732
299
45595
309
39778
299
46184
325
41342
328
42807
324
40822
301
44027
310
43808
309
40916
349
44573
375
40703
282
45116
481
42247
280
58216
432
42972
300
46646
349
41607
387
48994
334
43220
285
46984
320
43309
301
40403
303
52952
341
40997
283
43221
322
40517
314
45953
296
43034
322
53289
364
53117
361
45301
304
40005
329
39899
259
47459
360
43328
311
41326
334
43201
308
49805
335
42179
364
43711
344
42793
301
39572
291
40464
320
41976
327
44247
321
47289
358
39976
301
40153
302
42765
303
52964
388
77733
493
41355
305
40915
309
48287
442
43457
309
43503
380
43403
302
45144
290
46363
449
45609
410
52923
660
46663
443
43091
320
41208
304
46979
536
49918
354
43313
297
43940
350
41837
337
39793
274
43112
309
62244
420
43387
324
58558
347
42068
598
43316
287
40864
314
44061
344
54085
407
39880
297
40201
313
40385
310
44219
372
44161
326
42771
439
46945
285
45026
356
41542
320
47273
367
41395
290
45926
439
56186
362
49904
330
42565
301
40684
267
44572
308
41002
299
45768
351
44655
425
52441
486
43178
349
66273
477
40867
311
42013
278
48517
313
41960
293
40421
282
44932
328
47909
330
47544
414
42755
307
42980
319
48796
385
44329
372
42712
485
41691
290
46423
368
56917
441
44227
276
42994
343
44139
371
42216
327
52332
392
40601
317
56290
324
43102
314
47461
397
47199
519
47517
399
50914
339
40640
387
40862
293
41234
305
42533
300
50214
406
48449
325
41117
270
44902
510
47168
323
52449
487
62473
558
43714
398
41190
306
40836
296
46872
433
43095
358
46291
324
48565
339
42447
323
40818
281
47368
333
45193
319
43976
310
54581
345
41891
376
40647
282
39522
280
43566
334
40911
313
43207
370
59135
452
50910
304
41471
318
39978
260
43187
323
41538
279
50254
471
39650
269
52253
350
68070
463
46043
342
42663
339
