# alterna fotones producidos y fotones detectados
/ 3 GeV posición 0 10 57 cm direccion 0 0 -1
48584
419
46217
347
42780
431
81665
457
41716
305
40046
379
42087
278
52025
399
43809
468
50020
372
43591
395
43483
320
46725
334
41156
354
41595
272
60492
1019
50121
385
72202
405
45890
324
55823
426
41094
299
44106
362
39850
314
48606
351
46538
311
44342
359
40898
267
39495
262
41672
303
47510
379
49063
355
50176
379
49242
399
56158
439
43447
278
44170
369
44299
330
56247
585
41552
277
45048
376
42046
324
44701
332
43013
340
42725
371
40263
321
41950
309
47781
312
62991
412
44017
360
45344
344
45131
332
45264
318
44643
319
43065
619
41559
288
45976
324
43331
329
41889
318
40367
288
40341
328
40566
290
46559
452
40095
274
42250
314
43888
298
46491
296
42262
275
41701
291
47012
355
44600
274
43434
280
40161
298
61597
397
40400
325
42992
305
42240
286
56715
457
44811
300
46514
329
46090
320
39917
289
41032
320
48589
369
46878
301
44846
302
44556
303
54222
418
46488
456
43662
720
39946
365
41082
293
44036
344
58601
377
42734
321
45150
327
42052
312
51038
347
42060
324
46026
435
41281
268
40153
280
40370
305
44802
329
44096
343
40244
262
50724
353
43241
333
45787
687
56445
417
43028
323
64562
358
40624
308
49324
407
55444
463
46293
346
42685
292
40875
289
42550
372
44883
349
52619
377
40971
337
39629
291
47617
330
51253
353
43739
323
43069
317
41546
244
44504
303
41589
315
44838
505
43506
330
44227
358
39241
310
44444
297
45841
448
80674
422
45635
337
43694
295
44954
361
40701
279
44615
314
43232
322
44004
312
41394
278
47131
372
40971
283
42601
313
46381
309
41677
315
41560
311
40884
308
51347
326
44893
270
46745
337
53660
502
45279
416
56120
385
49502
341
42289
322
39594
283
43596
373
42937
269
39999
273
52450
394
47116
377
55960
381
48308
860
58961
431
54673
698
40573
301
45395
448
54894
375
41892
330
44534
332
42714
284
42762
290
42167
331
46623
307
47462
400
46343
334
42314
283
44232
440
41912
300
40568
296
42710
317
45172
379
44450
325
40219
285
40252
287
49760
319
46313
332
50352
301
42036
332
53509
374
42693
322
42187
296
48317
371
50375
345
42759
516
61939
629
52463
385
44636
334
45285
362
48149
329
40783
290
44011
296
53709
513
44009
377
42016
278
43317
302
41002
284
51193
367
49579
504
40266
268
42689
288
58850
403
46138
309
56687
680
40252
281
44571
342
40533
314
44761
338
45547
361
41998
318
43453
317
59416
398
43462
379
44432
290
49039
376
47800
340
42022
305
41102
298
40502
281
54186
448
46843
380
41737
305
64224
595
49387
322
41401
312
41648
316
45588
815
44919
333
43473
320
43600
292
40854
290
56594
361
44330
418
49377
350
42017
310
41105
291
48902
341
53225
331
48724
438
43091
314
46600
352
48114
332
39970
318
48853
350
60669
405
41733
382
42761
292
41456
329
43488
318
48955
437
41924
313
47202
345
48872
456
42225
287
45553
434
58835
475
61872
545
49091
512
44033
309
56947
501
49723
408
45820
373
46398
384
42299
323
47944
387
45796
530
47348
375
50187
333
42184
336
69502
489
44280
442
45008
329
41463
299
41066
398
45233
636
40943
383
39576
287
47858
300
42780
325
42507
320
48192
334
45057
366
43991
321
44745
307
42302
317
42253
332
40917
312
83026
439
41587
375
50389
704
46394
328
45347
299
39469
287
42052
395
40921
321
42771
305
41322
343
44078
321
42205
284
40792
280
41778
327
69132
557
45846
292
45223
353
43164
349
45012
333
41060
314
40874
304
41033
271
42903
340
43858
339
41202
264
51046
478
41302
299
42379
339
46492
492
48219
467
41247
315
42636
313
40083
339
40010
507
44722
490
44909
297
40686
285
52136
324
42763
341
41104
281
46497
381
42159
439
43873
266
45044
283
43892
302
47138
422
41087
279
47474
428
40810
311
41762
358
43950
575
42885
297
44318
321
42167
281
49802
640
83844
511
43490
275
46618
475
57475
465
46218
328
52855
572
43068
321
45039
334
42026
345
47245
404
53030
319
44461
335
42357
312
46340
382
51833
329
42444
334
42554
289
41867
296
44012
342
51768
357
43607
425
41096
320
41861
332
42830
330
41830
372
42946
320
42436
322
43230
285
55456
374
45028
323
42572
328
51235
441
50143
348
43095
359
56636
328
53171
371
43974
409
41689
425
43001
333
44591
281
44966
304
40211
295
44340
429
42432
313
46062
488
40418
287
42831
339
40360
305
48663
342
43571
357
41511
246
50823
330
41310
320
57148
362
42069
354
55227
404
43791
305
44554
320
41242
294
38970
281
45527
365
42174
289
42437
368
42266
310
41916
320
44451
327
47318
437
45148
497
43158
339
44599
386
45190
314
61188
483
45089
314
55638
483
42239
372
42608
293
40106
339
44225
308
46762
311
45747
316
41495
411
41719
306
40280
291
46335
352
47107
317
52710
406
47520
367
42539
377
45165
320
42130
418
45374
311
40519
284
50998
448
44741
393
53778
369
46019
407
47804
305
42506
343
44049
358
46135
345
47294
379
41418
306
39205
286
40205
289
44965
295
45431
450
50395
345
44064
284
41747
286
42668
337
42704
331
42694
348
42393
489
41424
651
43995
346
45771
335
45269
351
54785
446
43099
335
48230
334
48100
344
45570
338
43140
317
46756
328
44745
430
43231
295
50250
421
40645
263
54920
445
39875
321
44268
430
48328
339
41891
302
43572
378
46935
336
44983
344
43096
439
43773
333
42568
316
42571
286
48538
399
47047
446
42780
347
50260
541
43336
387
40506
318
42343
298
40673
358
42479
301
44491
330
44068
300
40687
309
57609
979
40929
283
43077
369
42552
320
42388
293
42222
316
54083
351
45524
359
76990
1027
45437
412
49512
419
45623
507
43225
304
41145
305
40522
288
43001
292
61286
491
41974
306
40163
288
41768
338
39965
306
42467
396
44326
283
43866
376
48415
380
49050
361
41014
325
46269
358
48644
325
58085
402
42842
362
44296
359
41842
324
46501
334
48689
334
44524
478
44351
291
42913
343
44622
262
45792
354
47859
372
45128
331
46367
320
46684
362
44178
351
42862
299
60130
368
45638
327
44337
308
44031
332
41483
291
43523
304
43021
370
42739
331
42760
297
58079
409
41536
290
44413
369
50330
328
41529
280
43489
316
46817
313
40613
403
53989
481
42838
343
41507
281
43876
334
45929
351
44355
345
40345
294
40915
302
50088
468
44856
422
45707
576
54236
453
55754
456
79503
688
39722
270
49388
292
45681
388
50328
350
40501
300
43497
315
56538
427
47738
349
40112
311
49313
368
39483
286
56989
414
44703
378
46315
344
45002
354
41831
291
40816
281
43675
266
42603
323
56227
419
40377
458
41583
305
47982
298
43655
385
42307
325
46862
334
43206
295
45846
307
40566
318
44851
337
44230
384
50474
287
53749
597
50744
529
44504
310
42229
389
47774
353
39296
280
45323
440
46611
361
45864
320
42885
340
42175
316
50304
335
44429
346
46685
306
43596
337
51601
435
59413
514
44399
801
52985
400
44310
345
45946
367
41295
328
47637
290
43471
333
41201
348
48437
338
45333
353
44509
359
39806
328
44030
381
42658
301
42512
358
41268
289
42304
338
63691
352
69192
410
43237
312
45010
347
43485
334
45298
306
43631
309
42011
320
48280
321
52309
361
40882
335
40611
277
47942
344
40698
300
44106
304
42028
318
42032
282
43522
348
44582
305
40142
271
45355
503
45467
293
45470
544
43086
342
43886
303
41767
312
44135
327
41763
354
44738
366
41185
314
80802
525
42714
373
41358
320
40907
305
45229
318
42115
275
42346
299
41705
289
45990
277
42715
345
48078
359
45102
324
40685
290
39694
292
42274
328
41760
298
51062
363
51899
381
41381
279
42880
312
42786
293
47318
297
50838
452
43512
329
40184
331
54203
384
68930
478
41015
288
42877
314
42757
285
45842
439
43812
307
45595
273
50087
300
49762
336
42924
310
45946
308
45426
342
41599
304
57623
397
42211
302
46048
374
47636
290
43481
427
43014
308
41960
302
43641
339
42262
289
49541
375
39540
309
43266
396
44857
314
40403
303
49063
319
54989
370
46185
305
49025
382
40111
287
47393
667
42129
341
42646
356
47414
331
43551
284
41966
357
54314
404
39779
313
42848
307
47479
383
44009
359
46598
411
44051
349
47461
307
49442
420
39569
278
42655
299
40255
262
45319
310
43118
304
54296
388
40677
324
63418
392
44566
304
52678
393
71990
648
49911
393
40867
284
48819
318
46012
413
46369
306
42863
383
39276
270
45852
323
45156
311
43338
337
55198
398
42311
334
45625
322
44402
334
43475
319
46598
346
44643
332
48504
368
65714
421
45074
328
40499
290
40832
304
44254
350
40444
316
46828
438
40721
301
42878
314
39537
304
43471
512
48386
324
44028
278
39971
358
42341
370
48332
399
39985
272
41795
264
41624
329
68631
398
42732
321
41231
318
53289
351
46412
379
45061
340
46368
388
42659
256
40364
274
43338
348
46594
319
46971
331
41581
369
45823
401
44356
278
42612
318
44252
383
38976
241
44697
349
48232
669
49094
334
49657
367
45317
386
71488
467
47811
711
41733
277
46293
315
45324
348
93496
544
43674
340
41869
279
43766
307
49500
338
46253
358
56046
431
51779
427
51210
359
41897
419
45052
336
42342
289
42095
336
42191
286
44206
347
81400
696
46005
351
49856
287
47525
514
41201
312
88055
532
40264
304
45298
315
47031
313
56097
516
42474
412
48971
387
46687
282
46378
306
43607
303
45014
394
47219
303
41414
331
41944
319
39160
278
46073
333
42195
281
51610
343
52289
345
47703
329
46949
305
42526
301
43665
299
44713
346
46435
340
47626
320
40036
312
45298
302
39838
254
42718
308
44473
372
45786
356
63263
351
43738
289
43734
337
59368
414
39622
260
43601
357
42747
308
44699
397
42787
287
43179
353
44373
368
42526
296
41677
276
39849
288
43919
330
60817
443
40226
268
49086
366
42477
307
44345
326
47099
432
42281
288
45099
297
40543
352
41664
302
41335
284
47976
372
44459
354
46941
336
41947
314
54395
365
43780
334
49158
387
50129
356
50226
438
43729
312
56007
579
45378
364
42659
334
53056
338
41607
337
45807
324
42740
300
41411
284
64112
455
52360
336
44564
412
41112
285
50944
439
42319
372
45027
261
42823
289
49798
516
43172
366
41728
294
52886
341
51986
422
40115
288
40330
290
42577
289
47058
296
52996
344
49560
326
41802
624
42006
308
41777
441
42069
303
42808
307
40740
293
44963
301
42696
329
45880
333
46191
303
39482
274
42606
293
42751
330
42448
318
43450
386
54288
448
43616
340
41936
292
41736
266
40358
280
45091
362
53414
396
42966
344
53624
332
43234
332
42374
317
40313
276
44867
320
44186
399
47909
292
50001
338
46493
315
45947
370
57842
419
41196
281
42927
322
51376
333
40550
322
47553
366
44578
326
45156
333
40587
268
58412
393
46129
307
42767
299
40525
344
50494
494
55776
600
45252
326
41732
294
46624
438
47576
311
40458
302
44479
275
48320
349
