22142
6194
2696
1473
972
766
534
516
434
353
322
309
297
224
179
164
159
153
106
102
89
97
81
69
68
75
63
76
57
58
68
50
46
51
36
55
43
35
37
36
37
31
44
53
40
40
32
29
35
30
26
29
29
31
20
30
25
29
21
26
14
21
28
23
27
19
24
20
17
19
17
20
18
22
24
23
23
15
24
32
14
21
17
18
11
13
21
6
14
14
16
13
19
20
10
14
8
20
12
11
13
14
10
12
12
6
13
14
12
12
16
6
19
12
14
16
9
15
10
11
12
5
17
12
13
12
15
11
18
15
4
13
13
10
14
13
17
8
10
8
11
12
9
13
12
6
10
8
10
18
12
18
12
6
18
15
14
14
7
13
13
6
14
18
15
12
19
15
19
7
12
18
13
21
19
17
9
11
11
20
14
17
19
17
14
13
16
23
21
11
13
16
19
18
17
18
20
19
13
23
22
16
24
12
18
11
24
29
12
19
16
23
23
21
13
16
17
18
15
16
18
20
8
19
19
17
12
15
22
13
12
14
15
15
18
18
9
11
14
14
10
11
19
13
16
14
10
15
13
11
9
8
9
13
10
6
6
12
16
11
10
11
6
9
13
15
8
9
8
7
3
11
10
12
17
5
6
12
8
11
9
6
7
10
14
4
11
8
9
7
7
9
10
10
11
9
11
13
12
7
4
8
7
8
2
8
7
10
8
6
9
5
6
4
3
6
11
10
5
6
5
5
2
4
4
5
5
3
5
4
6
7
0
5
5
1
2
6
8
5
5
0
4
5
3
4
7
1
2
0
5
5
6
4
1
5
9
2
6
3
1
1
2
3
5
3
2
2
1
6
5
6
2
2
1
2
6
1
2
1
0
5
3
3
3
3
6
4
3
2
5
5
2
3
2
3
3
3
4
4
3
4
3
4
3
2
4
6
3
4
6
4
3
1
3
5
4
4
2
2
5
2
1
3
5
0
2
1
0
2
2
3
5
6
4
2
7
3
3
3
2
3
4
2
4
0
2
5
5
5
6
3
3
2
2
5
3
3
5
3
6
1
2
2
2
1
3
4
2
3
2
2
1
3
4
4
3
4
4
4
2
1
3
5
5
2
2
4
9
0
2
4
3
2
4
0
4
2
1
0
5
2
1
4
0
3
2
3
2
2
4
1
3
0
2
1
0
9
3
2
3
2
1
4
2
2
1
1
1
1
0
3
2
2
3
4
5
0
2
2
6
3
3
2
1
3
3
1
3
4
4
4
4
6
5
1
1
0
3
0
1
1
1
2
3
0
4
2
2
2
5
2
2
1
1
4
2
3
5
3
3
3
4
4
5
3
0
3
2
2
1
2
4
3
0
6
4
1
4
2
4
2
6
3
6
4
2
3
3
4
1
2
1
1
1
3
1
4
3
2
1
2
1
3
1
1
2
5
4
5
3
2
1
3
1
5
2
1
1
3
1
0
0
1
3
2
1
2
3
1
1
0
6
2
2
8
2
5
4
4
1
5
3
3
1
2
1
3
1
1
1
3
3
3
3
1
3
5
0
3
2
2
0
3
1
2
2
3
3
3
3
3
2
2
1
2
3
4
1
2
5
4
3
5
1
6
1
2
5
4
3
2
5
2
5
3
3
4
0
6
2
5
3
1
2
3
0
2
2
0
3
5
0
4
2
1
2
5
5
2
4
3
2
4
5
2
5
3
5
0
4
3
5
2
2
5
4
8
4
4
1
4
5
6
4
1
2
2
3
5
6
5
2
4
4
5
2
5
2
5
4
2
4
3
0
2
5
4
2
6
7
1
4
0
3
4
4
8
3
7
6
5
7
4
6
7
4
8
7
8
4
1
4
3
3
2
6
3
4
2
5
6
4
3
5
3
1
3
4
5
3
8
2
2
5
1
4
10
4
4
5
7
5
5
6
6
11
6
6
2
5
8
4
1
4
5
3
8
2
7
3
6
4
9
3
5
10
3
5
7
8
2
9
4
7
6
8
6
5
7
5
5
6
5
6
5
6
3
8
6
7
7
6
8
7
4
8
7
7
4
8
4
1
5
6
8
5
13
12
10
14
4
5
4
7
11
8
8
5
10
5
5
6
8
9
5
6
6
9
12
2
8
10
9
11
4
9
14
7
9
12
12
6
6
11
9
10
8
7
9
9
11
6
8
7
5
7
5
11
6
8
9
4
8
11
6
10
5
7
4
6
6
5
12
5
9
8
9
3
8
8
5
11
7
3
5
9
10
8
7
5
8
5
10
8
10
11
8
6
9
9
8
8
10
4
6
6
8
6
7
4
5
3
7
7
2
11
11
11
8
8
2
10
3
6
11
8
4
7
6
5
6
9
11
10
8
7
3
8
11
8
10
12
8
8
8
10
12
7
8
6
9
8
7
5
6
8
6
5
8
12
3
7
7
13
6
10
7
3
6
5
2
2
4
8
3
4
10
5
8
5
6
5
5
4
7
3
3
7
7
6
6
6
6
4
7
5
6
6
9
7
6
2
7
6
4
3
4
2
7
3
3
7
6
8
4
4
2
9
3
6
6
4
3
3
5
7
8
10
6
5
4
8
5
4
5
10
4
6
5
3
7
4
3
7
4
7
4
7
4
4
8
5
7
7
6
7
4
7
6
7
8
7
7
2
5
6
5
5
5
5
2
5
3
5
7
3
6
4
2
4
5
6
3
3
4
0
4
7
1
4
4
4
3
8
1
2
8
3
3
