33477
2603
1331
684
404
329
251
206
205
166
135
131
113
99
101
117
81
68
78
65
61
57
67
61
59
71
54
56
57
52
66
63
66
72
83
68
81
84
83
93
92
95
96
82
84
79
74
66
69
63
49
51
49
47
53
42
46
39
47
52
29
39
27
38
20
22
23
22
17
14
21
25
12
14
16
12
14
18
17
17
17
19
17
17
16
5
20
18
15
17
16
19
13
13
12
19
16
17
15
7
12
12
10
15
12
6
10
13
15
14
23
5
8
10
11
17
19
10
10
17
21
16
6
13
8
17
10
12
5
9
11
23
13
8
13
12
8
13
11
12
18
18
17
16
13
7
14
15
18
15
16
25
20
13
21
19
13
19
15
26
28
34
15
17
23
16
20
23
28
31
22
25
25
30
30
32
27
28
35
30
24
48
34
42
33
38
40
43
47
43
41
34
40
32
34
37
34
39
36
44
39
33
26
43
29
36
41
37
46
45
35
33
42
32
21
30
25
27
28
33
28
20
27
22
22
36
26
30
24
26
31
30
31
26
20
22
21
16
23
17
