479
559
198
138
472
577
780
525
341
448
513
612
308
235
207
780
185
179
234
308
290
97
394
521
137
118
207
711
340
211
118
114
411
264
688
561
135
337
109
92
125
380
78
70
55
220
140
949
72
464
157
501
280
340
313
402
310
173
815
143
212
529
73
182
360
164
161
358
118
93
536
381
516
165
178
353
775
635
483
150
297
452
859
629
170
398
743
331
173
685
110
713
148
616
130
407
681
117
445
190
270
317
395
225
547
216
204
527
517
145
118
934
224
282
513
244
169
679
820
141
141
346
139
265
386
790
439
137
646
622
154
579
147
301
215
209
312
677
358
1067
362
453
64
335
113
159
554
118
60
369
575
222
115
393
98
977
123
307
109
134
895
240
234
410
73
41
549
321
326
226
135
823
444
177
107
633
526
254
700
780
372
237
163
146
883
305
960
526
745
103
301
185
129
73
270
361
563
355
526
668
328
483
84
134
516
322
176
569
154
235
195
474
489
471
99
145
468
138
79
362
229
261
379
530
377
483
199
94
141
357
548
247
344
323
947
261
53
110
1268
569
703
540
227
192
117
245
286
102
622
688
432
242
295
271
465
324
505
333
90
256
470
368
56
160
91
648
440
402
74
286
616
872
94
451
149
330
284
106
221
656
569
425
180
576
263
41
120
215
584
150
226
505
457
160
545
592
403
517
156
93
522
491
139
123
114
172
154
650
312
56
225
232
180
825
126
448
1011
375
381
490
598
206
483
144
247
636
103
333
123
303
524
49
154
903
193
402
573
396
204
72
245
220
218
49
206
165
314
176
111
404
431
683
100
552
156
676
747
571
98
835
260
126
738
466
282
582
206
773
1878
150
578
341
105
205
110
624
202
520
789
161
218
165
118
299
89
449
188
227
558
53
345
250
215
169
825
140
104
53
688
162
135
96
220
162
226
590
247
454
572
84
832
90
114
732
340
301
712
677
61
197
162
391
418
288
123
1118
438
63
483
175
647
478
610
356
1147
392
112
181
291
354
97
295
98
634
259
49
446
163
387
345
219
618
382
95
92
286
117
70
275
69
92
94
174
158
152
259
262
545
250
635
624
189
229
425
230
345
158
656
157
1122
587
67
699
665
182
204
132
407
191
357
260
305
121
338
82
691
102
286
101
608
110
575
136
190
338
266
57
211
134
83
809
646
348
103
672
187
194
67
218
158
78
620
162
879
858
55
715
452
183
91
593
364
498
304
164
343
470
342
515
41
729
449
240
92
536
182
410
359
868
385
591
477
173
161
526
163
977
491
133
169
253
374
563
196
150
653
105
95
334
302
176
137
84
68
138
341
244
147
408
166
527
194
212
989
128
114
365
471
615
128
192
414
96
940
110
114
639
136
656
69
452
287
111
232
101
63
267
467
328
101
276
91
672
352
108
113
475
281
467
260
515
133
1128
159
1069
297
593
608
47
387
88
296
135
138
67
110
919
578
263
493
570
51
185
109
490
698
89
127
278
361
622
96
380
387
738
116
173
322
84
109
363
237
185
566
96
89
739
398
114
126
388
116
46
57
80
92
61
55
61
55
40
71
80
62
75
17
48
20
60
14
73
125
20
14
156
-15
94
60
152
56
91
73
-16
88
100
92
60
72
43
6
-2
95
42
88
22
68
69
29
19
84
86
66
45
65
41
14
102
57
125
126
88
60
30
137
15
55
107
17
95
69
72
90
42
2
76
137
93
57
122
44
48
83
75
22
32
96
45
85
110
35
93
53
23
93
101
56
64
-11
105
31
82
32
82
87
69
135
39
37
54
82
85
46
134
78
101
86
79
55
110
60
113
67
126
60
64
137
42
95
77
-5
90
77
78
34
51
6
91
23
17
112
42
30
35
31
73
65
80
6
19
1
26
65
38
8
51
81
15
106
52
131
52
105
114
56
32
64
62
9
18
111
21
94
136
71
39
36
143
70
134
108
78
96
86
80
89
159
85
21
24
34
78
29
40
84
19
215
85
73
28
78
171
78
51
78
62
78
96
18
115
17
84
75
73
45
-3
94
5
89
68
7
23
108
41
92
34
32
13
49
65
100
593
157
43
73
141
166
161
126
177
56
162
101
162
143
133
161
155
82
146
152
138
181
159
151
120
68
151
170
172
169
186
212
118
158
206
155
97
170
122
141
164
121
148
189
176
152
124
200
145
119
154
144
119
154
114
184
159
68
194
44
53
147
50
149
207
141
158
178
128
16
195
226
87
164
186
134
214
146
176
49
149
80
230
26
233
235
202
207
238
50
55
210
193
84
233
5
238
180
175
217
73
219
26
163
60
56
155
246
179
247
184
82
39
104
85
192
34
246
102
47
152
268
66
162
212
168
100
42
47
56
67
240
23
46
128
51
198
82
58
71
68
68
56
65
55
214
147
7
262
78
160
57
32
64
299
81
74
213
255
227
194
156
153
48
55
70
87
193
31
236
27
74
260
46
76
58
59
227
92
205
54
71
86
68
161
103
75
222
139
46
62
140
74
26
68
104
78
85
46
98
36
193
97
211
80
52
59
125
67
66
23
124
55
129
102
177
73
137
235
118
77
96
274
56
51
158
58
266
252
72
34
59
29
197
77
269
268
237
79
81
76
85
56
73
56
251
66
60
93
117
56
102
78
54
60
72
63
27
61
173
178
69
42
255
143
80
63
22
47
46
88
45
27
286
47
79
101
50
67
70
50
48
60
52
58
56
51
57
76
80
241
55
58
244
244
43
141
62
219
314
53
37
40
46
71
65
31
10
199
147
37
80
88
56
56
75
67
45
90
86
51
72
261
64
75
65
252
56
329
292
150
74
18
82
98
220
241
67
243
158
58
237
44
59
45
51
22
60
57
44
56
60
78
86
48
77
200
267
79
36
61
93
161
49
248
155
51
91
79
74
113
68
241
86
43
106
61
82
50
98
219
245
51
214
197
166
59
25
253
268
38
235
71
46
21
112
237
278
63
321
196
103
106
46
34
15
90
101
198
41
25
38
30
80
161
54
74
52
63
48
60
40
44
19
61
71
74
93
72
90
55
40
62
80
118
225
18
84
42
234
263
19
48
61
78
75
85
59
27
69
195
285
90
85
119
20
115
125
62
74
51
242
47
88
60
273
280
305
75
56
248
47
243
130
82
266
69
64
80
93
48
43
86
112
242
67
102
80
230
120
90
92
30
52
61
54
70
73
202
110
80
29
253
2
53
42
193
72
67
98
37
43
106
107
45
24
132
41
74
72
104
76
59
69
82
198
86
98
97
80
126
20
282
77
33
44
41
216
35
100
54
109
64
46
29
82
88
277
73
65
40
99
58
19
27
32
82
28
24
77
67
259
43
248
27
57
334
35
103
53
70
83
23
44
132
71
165
76
56
20
89
47
287
52
46
32
146
38
76
71
75
38
212
20
44
103
326
74
280
30
87
290
64
60
102
71
25
67
73
47
159
89
78
82
136
30
68
113
78
55
74
45
37
81
101
55
242
347
62
50
304
80
53
86
86
202
53
81
105
97
57
21
57
68
221
244
55
253
39
34
62
72
50
297
44
83
112
51
54
59
96
69
182
83
76
84
96
70
53
84
46
73
31
50
12
38
78
81
58
36
59
224
50
120
197
68
105
62
83
37
61
64
37
103
299
52
105
97
66
85
78
80
79
123
91
46
248
26
216
85
59
62
54
65
158
73
241
89
33
17
238
56
79
68
59
90
44
51
271
167
249
52
76
50
74
83
112
69
51
85
171
61
101
74
59
44
88
45
57
189
301
48
90
285
56
88
51
179
69
120
24
50
101
60
108
48
145
46
57
56
111
83
32
67
47
190
86
281
51
37
37
131
49
69
132
60
56
70
42
308
77
43
48
48
37
58
90
334
45
86
86
51
74
62
319
49
133
44
77
86
36
116
34
99
46
291
91
64
199
63
37
284
33
48
84
105
13
72
51
71
122
60
49
11
115
46
87
336
108
0
44
34
272
60
70
233
12
59
34
67
51
33
131
49
44
41
70
78
65
100
68
56
69
72
49
61
45
18
150
25
51
87
38
345
128
127
37
74
38
47
82
56
29
76
78
57
23
111
62
69
241
299
33
82
37
156
59
12
224
62
79
30
60
35
16
31
115
118
51
44
250
90
75
315
41
80
167
102
7
81
40
38
79
88
37
74
84
43
41
59
33
318
69
90
91
65
45
27
57
27
70
75
82
38
87
199
55
52
82
62
308
38
66
101
47
73
56
212
66
53
56
158
53
115
28
237
26
74
75
60
53
92
29
50
92
56
262
20
111
39
79
48
60
310
56
139
53
93
63
79
92
63
104
159
66
109
98
64
71
26
100
73
96
100
25
48
19
55
41
7
43
44
238
91
64
85
56
25
74
47
57
81
221
119
282
44
55
80
41
17
43
69
136
296
160
79
268
97
124
60
256
97
52
18
42
87
72
77
108
92
86
337
34
59
41
315
57
48
130
39
49
51
83
76
75
298
18
89
61
69
83
48
89
341
111
15
21
147
48
88
74
118
82
52
56
113
40
61
121
193
78
86
234
141
73
119
75
62
79
61
46
59
92
92
55
123
91
27
74
53
62
32
37
71
91
56
99
346
40
49
75
67
44
40
16
49
93
309
59
35
72
62
65
67
28
45
57
68
59
80
60
26
108
55
115
103
82
53
62
59
49
87
91
26
62
41
21
71
359
18
61
55
42
53
101
103
55
67
121
70
202
78
31
44
10
95
262
85
54
23
71
129
98
54
47
113
154
69
91
26
61
337
75
284
53
82
37
113
60
107
19
286
36
69
75
58
51
53
117
45
85
75
50
24
54
32
103
30
46
66
41
71
48
58
90
55
54
72
55
195
300
52
67
90
69
95
71
266
58
87
71
104
75
39
52
57
70
92
14
49
82
34
62
26
103
77
80
39
88
28
31
34
287
30
61
86
73
67
96
45
63
57
45
198
59
39
102
51
25
90
296
107
119
98
65
53
69
73
266
101
22
55
55
287
38
207
185
370
72
73
77
310
76
56
49
64
68
85
80
32
67
62
73
34
86
79
124
20
39
295
43
84
53
126
125
65
70
10
78
55
20
52
53
109
298
110
101
91
45
118
94
93
75
344
28
39
66
65
241
199
28
88
38
64
75
198
71
49
123
39
44
29
105
30
47
70
48
297
99
70
70
64
57
319
31
13
257
39
80
75
21
256
128
92
41
86
72
96
52
36
47
59
45
258
23
43
45
37
36
22
68
67
62
98
70
33
71
60
57
97
115
118
131
10
99
52
39
55
86
36
345
42
179
86
77
45
86
39
109
81
27
52
249
100
40
55
57
75
34
88
18
25
74
90
80
84
89
39
287
108
57
32
90
38
97
68
76
39
61
76
42
60
73
60
51
99
89
66
28
68
80
46
54
80
79
46
106
108
73
78
20
91
52
51
87
19
28
21
42
38
198
40
31
62
71
68
113
58
37
76
63
64
381
78
27
151
131
56
67
76
55
67
64
103
209
60
124
42
71
53
46
355
52
88
74
92
60
94
77
53
42
131
19
32
20
98
89
44
232
78
53
61
32
71
51
64
122
54
52
79
74
26
39
76
50
34
82
118
43
341
20
44
52
287
48
70
81
91
348
99
27
46
248
50
69
11
61
88
73
78
53
20
43
39
60
60
45
57
107
24
42
61
56
74
58
21
50
76
104
3
60
78
53
54
66
8
51
77
309
69
108
56
50
40
63
125
61
38
109
85
62
38
136
31
30
55
48
20
94
67
287
86
130
43
59
108
40
42
92
45
92
81
28
284
64
83
45
70
99
113
96
59
26
62
46
53
67
48
59
36
83
46
45
35
327
345
91
69
60
80
68
48
59
138
92
63
47
120
56
49
56
30
62
64
68
224
129
81
83
54
85
62
24
77
45
55
60
20
84
73
74
29
46
122
67
150
34
112
39
117
33
55
67
73
30
43
52
44
375
35
59
60
321
31
20
96
66
41
81
81
11
72
28
79
42
286
28
114
63
22
12
81
53
85
54
78
36
75
52
42
38
113
50
80
46
81
145
67
68
76
353
150
112
50
54
37
64
42
42
34
67
115
67
54
55
60
299
47
29
78
77
66
46
94
47
77
294
109
43
63
313
72
78
57
265
53
49
94
83
12
28
63
44
38
31
109
79
59
48
104
57
85
68
59
120
75
99
75
51
43
113
54
42
70
65
43
39
24
62
71
51
30
65
68
26
56
58
286
57
18
88
74
119
101
63
10
57
74
130
107
41
39
71
330
73
78
52
67
82
54
35
35
55
41
78
16
84
77
50
69
66
86
153
105
72
391
263
77
37
35
67
55
15
110
45
44
34
111
67
56
44
54
28
41
125
67
76
80
69
66
39
57
60
33
60
41
227
15
106
71
97
50
23
81
98
126
74
18
59
62
31
79
9
79
53
80
25
16
46
56
22
25
250
55
95
30
59
71
79
93
29
60
67
74
65
34
102
104
82
91
23
56
78
123
200
67
189
95
47
57
64
62
108
38
19
57
52
23
67
80
62
77
125
70
26
93
64
68
71
109
63
54
36
74
35
74
118
77
164
67
47
91
58
43
30
34
335
18
95
44
405
75
42
30
36
337
49
299
138
46
16
22
92
111
12
51
94
98
61
40
69
90
62
73
75
47
99
92
78
194
50
62
93
51
92
54
45
54
101
54
91
82
44
63
42
99
10
32
117
29
29
116
57
52
112
78
62
110
46
111
46
12
36
116
274
47
53
67
73
81
67
100
84
90
45
30
65
92
122
92
56
117
33
331
130
274
0
51
93
46
99
61
27
29
316
52
101
74
16
46
102
27
20
22
109
100
31
118
55
86
37
103
67
75
57
66
51
73
101
36
50
53
88
52
19
93
344
116
26
80
92
57
101
43
50
54
39
96
39
80
79
75
70
126
37
37
67
25
59
106
62
72
254
77
116
91
75
127
54
55
59
84
74
81
71
105
44
32
88
74
52
84
60
26
70
34
52
87
100
104
332
50
49
108
48
49
7
63
107
34
60
50
16
62
88
50
89
57
111
73
47
89
48
32
47
82
37
80
87
64
80
51
117
75
50
21
49
117
49
107
82
92
320
63
61
319
62
6
10
90
41
129
46
83
51
44
44
55
120
88
109
75
260
102
106
47
102
106
56
80
32
62
47
82
63
159
61
45
30
115
57
33
66
79
49
97
38
79
49
52
49
27
65
129
88
64
64
32
60
15
62
55
53
51
27
60
34
155
88
107
101
65
72
35
30
76
46
59
37
63
70
34
77
416
122
93
57
59
80
56
35
67
32
97
127
87
76
31
117
246
52
6
52
50
120
76
94
28
344
58
39
97
55
278
87
46
34
63
61
53
70
77
62
29
66
76
64
62
65
36
11
63
46
58
270
99
128
60
68
73
67
18
76
68
60
303
69
46
24
90
93
78
55
73
71
58
107
86
48
45
44
113
124
37
89
79
76
346
68
64
50
60
120
12
126
37
60
29
-5
74
98
80
81
113
344
63
73
101
34
49
69
57
124
343
75
130
74
85
68
32
68
55
74
84
112
57
26
89
57
87
45
59
71
43
84
120
55
307
72
84
111
138
19
41
59
30
52
49
39
64
29
26
47
56
51
30
75
42
78
78
26
68
58
67
22
257
128
86
99
66
85
66
96
104
20
85
77
59
44
63
65
64
39
97
50
48
81
59
61
67
94
61
43
327
81
308
95
65
63
52
24
52
82
48
54
77
104
288
78
224
186
84
76
49
104
70
65
87
36
163
106
102
29
63
15
52
30
98
157
97
79
21
22
44
51
30
46
89
26
3
91
26
119
114
91
43
49
101
91
75
44
111
51
42
90
72
58
62
92
46
59
76
71
67
62
76
51
146
78
46
35
40
101
91
137
79
73
56
111
67
121
136
122
58
65
220
53
107
74
69
65
28
79
323
45
46
56
24
44
73
58
61
58
67
45
75
67
49
5
60
102
33
70
75
65
11
90
24
45
96
88
82
65
364
71
32
124
77
58
70
78
38
35
66
90
115
109
19
29
55
94
119
68
73
56
71
61
66
98
13
41
57
59
80
35
89
60
130
44
87
43
35
88
14
64
49
107
51
49
58
40
102
56
100
91
62
332
86
-9
80
35
72
93
58
58
38
30
47
71
119
102
48
76
46
86
101
94
37
51
72
67
49
61
88
76
95
104
134
58
50
76
61
99
39
51
35
36
101
52
49
113
116
43
62
65
56
73
78
57
136
41
69
49
60
100
85
22
136
54
100
32
42
26
28
12
85
59
115
89
78
63
46
63
57
52
49
100
21
55
298
355
25
91
45
28
76
82
66
5
85
26
89
16
57
52
32
36
66
72
36
25
101
66
31
87
61
107
35
95
85
102
59
107
61
49
88
52
24
82
47
60
58
244
55
68
45
76
7
85
66
359
32
65
142
62
67
56
279
75
52
116
63
70
38
21
81
98
83
68
76
78
63
71
64
105
45
70
79
179
44
63
23
85
39
49
26
63
51
89
5
98
78
65
134
48
37
59
115
13
28
47
358
99
103
33
106
5
90
61
77
76
68
52
48
61
210
75
85
280
86
72
5
35
70
89
34
70
68
88
35
89
43
53
266
62
70
64
72
96
31
85
80
64
57
126
10
66
84
57
45
70
41
54
23
51
24
256
59
67
98
137
92
96
98
60
2
44
33
70
97
57
30
40
21
45
361
86
51
19
60
59
306
73
106
50
45
357
94
56
51
5
40
356
18
38
46
29
78
27
64
52
105
43
49
77
42
38
126
56
91
71
43
36
90
103
220
94
64
27
86
85
43
27
141
75
-2
27
60
77
51
67
22
51
47
98
69
56
44
55
30
73
42
354
53
47
76
89
196
21
86
91
45
89
57
84
117
70
47
57
313
399
72
93
347
75
44
79
40
117
50
18
96
80
55
39
63
18
86
46
70
130
44
47
59
97
85
49
341
32
76
49
15
62
106
29
74
70
20
64
89
80
55
60
75
76
54
39
35
60
54
61
63
66
76
75
18
57
138
56
50
355
107
88
65
72
40
86
36
80
83
52
50
65
55
51
32
20
22
99
81
34
157
86
97
81
51
46
70
21
109
26
61
76
64
66
64
87
43
86
39
17
71
119
103
280
326
29
36
29
58
77
34
60
54
27
55
19
98
26
73
67
80
51
119
31
65
76
258
70
102
28
106
59
82
66
52
71
44
70
105
99
31
45
108
56
23
42
60
37
74
75
19
64
93
19
60
63
78
70
25
69
66
82
35
42
39
66
107
74
69
65
89
45
93
24
30
49
40
70
73
88
55
85
51
73
265
100
51
26
112
87
32
39
56
68
37
372
51
15
101
79
107
115
46
42
12
66
28
325
81
68
37
82
82
53
75
41
33
45
93
179
102
47
45
155
52
63
50
81
77
58
84
61
67
154
158
49
94
134
114
47
48
126
41
81
47
129
30
58
168
116
66
50
63
72
27
87
55
142
107
85
97
52
41
19
82
86
57
90
65
72
55
66
73
39
46
87
89
34
39
63
104
63
34
85
19
48
38
76
70
13
72
132
63
97
82
66
22
49
90
35
78
161
74
65
65
77
48
102
26
52
77
33
47
50
55
65
62
40
315
33
23
81
284
69
99
82
65
17
62
27
54
45
60
37
55
129
50
60
52
79
50
75
64
85
12
131
84
83
78
72
63
51
32
50
27
55
87
53
64
50
383
89
70
48
14
68
129
55
69
263
23
43
69
46
105
69
55
42
76
345
32
50
134
76
55
390
43
43
51
51
74
19
5
392
64
13
57
50
47
42
25
32
85
26
69
76
385
49
64
22
133
69
30
71
72
129
148
350
46
55
75
70
73
51
84
43
75
84
56
78
73
100
86
87
126
81
70
13
76
33
46
86
33
33
82
72
45
45
69
75
44
85
40
62
78
34
40
78
84
48
57
32
48
92
92
108
123
10
72
78
97
46
70
92
331
38
108
28
70
26
96
34
79
104
5
99
133
29
51
75
51
42
81
45
81
60
56
157
56
74
77
75
26
51
90
76
98
58
70
58
62
66
223
54
42
21
24
96
62
52
66
32
66
55
119
40
54
56
36
51
26
44
37
47
107
54
101
89
121
105
20
63
68
85
71
16
29
81
24
69
368
90
80
96
39
50
328
50
57
372
132
48
51
131
24
76
80
79
47
127
47
38
55
43
23
78
85
82
57
116
54
63
50
120
86
31
47
60
50
37
88
53
283
82
89
22
60
65
33
65
25
61
45
13
41
86
50
65
38
96
55
95
62
142
58
104
52
116
69
58
69
87
368
42
92
59
60
31
68
50
45
25
124
58
79
23
102
75
41
58
69
79
28
112
35
45
69
63
65
17
34
73
21
61
130
119
37
83
24
76
66
83
50
38
60
361
60
27
25
51
97
28
35
60
106
66
54
167
77
88
403
88
43
30
69
47
80
50
80
70
133
85
8
89
319
49
90
45
69
65
41
13
34
59
100
423
72
108
8
90
96
38
68
42
59
76
74
17
68
37
31
36
121
51
299
63
76
49
105
66
127
129
88
-1
454
84
35
36
74
41
85
30
80
56
43
51
144
57
65
408
75
100
99
31
52
83
35
51
73
38
75
128
75
68
26
30
21
107
111
61
53
55
98
91
106
27
369
53
148
65
65
53
75
40
20
381
43
70
50
46
43
62
85
74
66
101
70
70
53
12
83
79
54
43
63
36
55
56
64
15
77
71
369
66
85
94
52
102
325
42
97
58
83
47
37
129
23
30
24
45
107
49
38
49
346
161
94
47
27
56
88
53
48
59
33
81
80
-1
57
35
38
31
78
321
98
66
28
43
17
58
57
69
41
107
67
7
95
77
69
72
80
61
64
126
30
59
46
78
43
70
78
57
221
61
70
66
65
52
83
47
68
6
59
44
89
92
134
81
14
47
101
99
80
9
116
21
65
47
92
31
44
140
164
104
102
66
33
24
78
64
103
330
47
113
22
135
158
40
81
67
22
24
81
51
79
97
36
47
49
49
44
242
73
77
83
30
31
57
112
79
78
32
25
76
64
28
54
66
288
45
64
74
34
86
85
49
28
43
73
81
338
50
309
21
106
107
67
51
81
72
39
24
305
337
120
96
68
33
83
123
62
57
80
55
90
118
62
53
84
109
39
45
83
118
51
56
16
29
44
93
76
77
82
68
56
63
111
74
88
101
51
341
47
115
72
16
10
63
25
31
69
66
82
79
88
69
53
49
74
51
100
54
66
61
81
37
42
73
42
79
290
57
10
92
80
66
135
48
58
35
288
30
95
64
24
336
59
67
98
36
50
55
58
55
128
56
81
43
71
66
97
34
54
43
74
416
77
30
47
38
55
44
53
123
44
69
46
52
78
21
87
38
44
50
46
34
54
48
374
92
58
67
82
275
53
42
54
117
133
92
97
78
62
130
32
37
101
21
59
79
27
40
27
71
92
48
75
114
59
19
78
36
108
79
46
79
62
92
132
71
104
78
87
85
27
29
75
9
92
335
86
63
82
66
79
101
323
46
84
61
28
50
85
20
55
58
100
29
75
108
92
48
71
45
83
33
61
98
91
45
98
42
80
69
77
49
85
38
94
89
29
236
64
101
131
331
75
53
83
129
103
25
87
68
68
76
49
52
33
85
96
18
29
73
74
45
74
52
142
64
17
60
65
40
38
79
62
48
55
70
48
52
43
69
42
66
98
83
53
77
100
58
41
47
44
59
232
37
100
36
113
90
57
159
133
59
44
97
88
82
333
71
45
65
48
93
46
17
34
63
82
116
66
90
57
94
51
55
54
41
32
143
24
34
111
22
68
41
100
105
26
396
57
112
1
157
39
85
87
94
369
300
39
42
75
90
19
64
69
64
62
50
85
20
106
52
71
93
50
98
62
71
109
76
329
120
50
150
58
55
105
107
72
179
60
120
76
150
85
115
76
380
52
35
145
117
79
47
114
43
49
14
77
40
327
46
36
63
23
48
39
83
11
19
19
28
73
112
90
145
65
86
99
69
13
54
360
94
41
29
114
32
45
79
3
49
70
18
55
61
40
63
31
80
9
125
128
90
154
71
114
66
112
59
15
28
255
41
122
74
341
287
75
88
37
81
89
45
21
76
87
33
86
369
81
109
183
60
33
66
75
61
49
97
93
58
98
54
39
79
38
324
49
48
67
141
94
24
363
64
77
38
64
109
55
60
71
69
47
53
52
71
41
72
51
31
166
71
63
44
25
89
105
119
116
77
105
69
159
76
28
53
95
23
77
25
47
59
64
70
40
98
46
85
59
28
49
272
51
125
100
91
67
124
69
87
14
93
26
67
110
77
304
58
93
43
93
14
25
36
49
45
24
36
35
53
89
25
18
86
81
113
73
55
443
73
38
51
53
119
23
59
61
92
94
70
28
63
457
62
54
34
361
59
25
255
52
39
56
45
69
27
45
56
83
57
68
40
40
81
109
104
282
62
73
129
95
63
25
62
89
83
43
76
128
55
54
50
36
87
66
72
101
31
240
70
66
85
56
111
81
102
82
99
31
50
33
2
61
105
126
48
72
72
49
42
32
52
57
89
50
57
28
130
50
312
38
22
62
71
52
67
89
234
35
80
80
11
338
63
39
64
63
108
85
93
32
108
14
82
84
51
96
145
77
20
68
58
57
37
34
100
318
70
64
48
427
64
102
77
68
58
61
83
110
170
78
78
60
74
75
62
65
75
95
83
22
82
15
34
75
54
113
84
30
63
87
86
66
113
1
60
56
20
33
84
27
35
25
49
51
32
45
15
73
45
98
99
29
75
50
57
15
36
80
81
346
330
54
13
10
71
54
75
62
69
31
75
49
50
33
19
75
62
74
31
129
79
92
48
284
142
81
78
78
11
79
51
66
76
70
55
23
57
355
52
40
380
71
143
53
107
29
73
40
63
62
72
344
34
314
89
77
31
51
49
331
73
49
15
73
17
28
60
96
37
65
89
45
28
16
47
79
66
50
73
374
34
43
105
58
41
39
44
67
63
98
62
90
41
45
84
71
77
307
20
23
108
28
40
134
79
53
32
58
85
9
112
67
34
106
62
28
68
35
105
63
104
66
65
81
362
97
91
96
73
66
37
396
36
99
35
74
77
61
33
22
89
25
48
125
44
69
36
98
39
80
126
17
42
44
71
54
69
51
34
29
51
51
80
49
16
74
32
34
73
50
84
48
61
8
58
32
367
127
90
92
31
45
63
73
42
43
67
55
18
45
64
65
79
57
38
104
34
69
25
355
66
52
48
362
84
276
41
87
63
31
21
287
96
71
64
40
30
47
25
48
7
71
53
32
119
81
54
64
71
60
38
60
81
81
67
34
91
62
30
72
97
102
77
39
40
94
59
63
39
78
69
95
40
78
74
54
52
52
107
94
40
87
-6
42
52
98
66
41
48
125
43
38
75
40
78
96
26
69
66
94
47
48
42
20
78
40
402
52
120
4
8
56
61
87
58
36
33
353
18
65
140
64
49
39
32
9
60
68
39
20
40
174
101
55
73
29
52
117
47
29
61
42
62
40
125
69
85
86
30
55
50
59
108
49
72
58
35
67
95
42
55
35
56
54
81
89
96
61
53
103
85
89
57
58
71
118
80
67
154
53
303
41
27
59
70
104
128
239
147
106
72
72
328
28
99
91
75
68
66
50
19
384
66
41
46
61
183
43
40
72
35
48
27
69
91
291
55
34
88
100
78
13
90
44
53
84
47
56
35
66
192
59
422
42
98
320
17
82
61
80
111
36
101
48
116
46
37
124
44
85
72
59
108
69
49
110
76
54
16
86
89
53
135
48
20
59
42
35
49
29
48
112
80
94
188
74
80
105
50
71
57
56
75
66
76
105
65
33
42
81
79
76
63
50
102
67
25
67
45
304
74
70
82
69
68
72
12
72
88
28
72
42
25
67
82
71
67
60
205
47
277
40
56
66
46
71
99
89
82
67
87
47
12
45
102
55
75
46
31
28
97
124
43
74
238
108
61
97
132
48
57
41
15
117
122
22
114
42
145
52
33
322
4
369
26
36
51
102
73
56
94
54
39
93
71
90
91
29
68
100
65
88
89
79
58
86
59
14
115
49
17
196
71
57
90
50
113
51
47
38
67
346
92
64
33
54
71
44
25
37
36
28
25
93
40
183
55
61
104
61
101
114
55
36
47
62
77
78
38
84
100
42
292
83
54
72
55
85
36
94
120
75
53
76
56
39
90
88
67
82
57
43
308
41
77
69
112
105
80
47
18
44
56
61
69
109
83
75
88
28
119
52
61
28
73
66
73
83
98
332
109
120
72
48
28
291
31
82
44
67
35
321
23
101
105
412
63
18
51
11
69
39
214
47
72
128
293
79
62
184
69
94
338
447
49
56
71
64
64
100
211
61
84
66
64
103
27
104
86
88
87
33
56
38
95
43
34
41
103
93
42
49
31
88
9
86
38
98
232
29
38
26
79
39
27
42
82
155
12
10
89
71
46
53
48
93
28
56
183
9
364
55
89
91
32
370
115
50
60
41
85
121
64
278
42
116
45
80
68
44
70
59
71
46
55
109
66
0
39
136
108
347
76
285
178
68
115
77
30
26
8
109
333
30
25
80
63
8
52
47
79
30
44
119
34
109
81
42
32
360
97
85
74
65
77
23
40
120
83
42
53
50
68
53
66
102
69
48
133
71
270
82
76
87
85
138
85
377
104
114
87
49
73
239
331
43
74
77
33
98
88
56
42
12
48
88
41
68
91
125
27
85
44
334
341
124
83
98
44
46
92
67
94
81
63
48
368
60
72
18
6
78
44
30
98
60
21
62
42
175
106
40
46
57
49
103
56
32
76
105
119
40
75
17
107
86
71
43
25
83
66
105
27
74
23
47
55
46
346
82
104
28
62
307
56
40
81
18
92
52
41
48
67
30
87
50
32
61
102
108
38
106
49
21
75
39
233
37
282
90
30
15
41
64
68
45
41
72
102
99
45
93
77
57
57
59
64
96
363
72
123
289
63
49
108
95
42
57
7
66
50
377
56
60
42
202
271
60
92
298
89
9
79
79
81
38
68
23
82
30
27
73
24
51
18
41
50
59
68
76
58
67
37
62
73
25
56
80
91
54
133
89
9
77
87
74
57
138
101
69
47
38
80
93
49
30
77
57
57
131
276
60
81
64
87
37
48
66
269
97
62
102
64
56
35
46
89
95
76
247
96
97
67
73
35
206
66
41
83
81
51
82
50
61
31
71
60
76
53
38
33
97
28
42
66
70
96
75
64
18
68
78
99
81
156
44
68
76
65
40
43
60
102
99
19
63
27
46
48
32
75
5
135
93
31
39
35
13
8
74
131
45
163
32
69
41
44
48
53
62
61
104
55
73
83
341
45
69
291
13
47
64
60
79
104
77
104
54
52
53
22
72
82
22
3
67
65
64
112
14
91
330
56
66
22
32
80
32
61
84
132
74
67
50
28
104
105
64
34
95
85
151
88
67
85
74
42
25
335
70
62
90
73
46
86
34
54
108
57
122
24
97
42
45
79
43
68
64
35
100
88
43
50
43
57
48
17
182
52
296
49
46
55
88
32
51
48
254
41
30
77
120
100
37
42
93
68
73
80
47
56
92
68
159
65
59
255
27
62
66
108
50
362
38
84
99
34
22
109
73
69
62
165
71
90
364
82
2
64
44
61
99
52
48
201
83
51
45
63
83
46
76
44
102
115
41
73
49
43
115
84
111
138
59
45
69
60
69
71
299
19
84
56
25
340
46
88
42
44
79
52
65
16
32
27
45
65
79
89
59
36
32
102
68
61
51
267
35
97
77
23
63
30
33
164
66
174
71
48
32
87
66
24
74
80
248
0
63
52
213
68
127
147
102
82
81
49
18
192
63
89
206
26
46
91
66
80
28
86
53
80
248
22
66
87
98
293
39
70
29
74
59
71
85
149
54
75
47
30
56
66
61
24
257
51
72
83
106
48
42
45
103
102
67
299
144
60
75
54
69
79
69
105
51
190
25
101
25
54
38
12
57
11
72
65
38
99
35
167
66
59
28
90
71
82
51
103
83
10
26
45
60
270
72
48
37
61
43
19
108
40
54
66
86
169
23
59
75
89
67
85
121
63
52
129
115
96
74
204
18
60
78
286
27
32
66
33
65
66
69
66
18
78
10
82
64
77
41
27
88
63
122
34
82
22
67
96
84
263
59
73
46
9
105
67
67
34
65
97
89
78
39
29
38
66
27
77
58
20
52
53
32
65
108
82
137
45
42
78
58
107
47
28
89
58
53
307
65
86
60
35
9
75
38
98
35
129
108
56
402
43
313
69
12
48
88
76
38
67
73
91
121
71
74
82
52
48
28
81
36
87
25
32
29
71
220
73
105
52
69
45
82
83
54
76
47
35
75
121
83
65
55
105
38
96
49
59
16
64
16
39
125
53
88
59
74
38
136
298
48
109
51
81
94
58
88
98
58
101
190
34
300
116
77
158
67
56
33
1
286
57
69
220
123
93
72
19
54
74
68
109
88
158
51
31
49
113
31
82
55
133
70
84
36
49
88
71
69
88
71
94
77
32
319
120
313
87
100
49
298
74
65
40
85
48
56
56
45
42
37
65
31
106
104
9
56
100
59
25
47
89
65
53
129
41
117
147
27
28
53
36
51
49
48
83
74
62
92
116
50
38
100
80
93
17
20
18
62
53
14
29
84
85
62
101
22
37
86
351
64
38
80
37
23
54
79
35
48
124
68
87
63
54
40
0
54
108
50
71
130
44
12
74
59
123
22
40
81
13
127
97
68
68
52
24
64
42
36
38
61
5
75
60
24
34
53
60
131
66
93
60
83
44
61
21
39
42
86
53
53
354
52
37
60
72
89
46
193
72
57
54
28
52
74
24
38
139
30
55
42
58
52
46
71
82
23
62
73
73
41
35
45
94
23
65
40
50
38
142
67
47
68
189
75
311
45
107
43
76
82
103
81
40
9
62
59
48
54
126
81
88
13
4
55
37
181
139
32
56
21
41
53
21
65
154
116
12
87
49
47
241
168
64
44
106
87
80
62
75
347
22
67
132
61
107
34
115
33
41
48
19
352
369
57
64
86
105
53
132
18
64
35
31
42
40
116
102
50
24
81
114
109
83
105
37
73
45
45
288
91
139
28
44
58
151
223
1
55
111
34
49
71
30
120
331
63
30
115
67
272
97
61
131
51
25
33
68
122
51
18
48
100
66
94
88
91
52
194
20
75
64
77
284
67
274
83
84
9
123
48
66
27
72
19
37
289
56
29
18
11
143
93
40
51
82
55
52
66
53
12
68
57
49
72
68
76
85
73
51
63
123
52
77
44
57
70
74
34
58
60
54
70
95
141
85
26
74
8
32
23
108
118
23
38
72
55
16
70
101
80
57
38
77
109
141
78
32
53
94
40
56
33
73
46
27
50
61
41
22
41
55
41
80
66
49
36
97
48
295
44
79
39
47
13
61
52
72
113
73
54
41
55
105
83
16
387
77
259
333
113
40
38
85
81
101
62
77
10
120
33
323
117
44
54
105
63
81
52
57
52
69
342
50
59
110
47
34
26
85
15
42
44
119
117
33
107
35
249
59
29
122
56
104
57
53
46
75
25
80
73
50
96
107
257
74
50
77
71
336
43
85
67
39
34
45
105
326
106
96
59
73
91
88
47
64
63
55
48
150
47
119
23
73
30
100
65
81
78
38
95
17
74
70
76
57
62
1
64
116
60
73
99
116
79
106
54
39
91
68
59
52
67
67
20
91
24
97
73
57
50
56
34
47
74
170
54
40
38
39
61
79
45
43
61
38
10
64
44
97
57
278
79
94
72
32
30
108
103
56
309
69
74
86
67
57
99
45
324
97
66
78
29
32
72
72
69
52
39
170
38
78
65
191
81
88
64
64
284
58
57
61
60
118
60
54
73
64
34
29
120
91
64
76
69
46
47
44
67
63
71
61
90
47
34
46
18
294
41
92
46
24
11
33
63
101
39
59
47
47
57
89
30
69
34
99
29
131
85
48
50
102
76
347
46
51
68
46
45
49
144
39
91
37
83
39
78
58
45
375
60
54
52
240
81
326
78
62
7
41
25
32
58
76
92
54
70
39
60
75
50
81
58
87
44
88
93
31
73
63
60
102
51
78
95
58
39
76
64
323
123
92
118
50
79
119
45
48
89
81
127
98
27
385
-3
105
89
121
74
79
65
56
373
76
31
83
38
45
186
74
106
70
101
202
37
35
38
29
28
124
102
285
34
65
69
18
340
66
45
43
46
43
83
95
339
98
40
74
106
84
50
44
50
48
43
123
49
61
73
35
52
46
114
38
27
108
85
101
45
69
44
118
128
73
94
37
91
40
45
34
68
52
55
353
79
194
261
78
39
72
82
71
61
56
66
50
43
78
100
150
92
58
91
75
41
285
80
53
64
94
289
265
79
97
324
57
70
63
351
46
81
60
44
62
244
98
65
48
81
39
67
40
90
54
282
149
54
123
48
62
87
19
37
90
53
36
346
93
47
101
75
64
154
62
88
106
107
55
90
35
101
62
209
64
56
48
188
364
71
62
32
15
86
86
77
58
69
309
69
49
48
10
40
25
31
128
45
76
61
100
45
75
61
14
23
78
89
87
18
76
75
45
45
64
57
57
77
42
64
31
112
52
57
37
56
80
67
56
100
77
92
94
63
45
54
82
40
39
69
95
64
87
74
55
65
96
86
85
67
49
57
12
54
63
56
84
63
105
70
43
46
56
34
112
42
31
90
26
48
69
44
94
65
43
59
41
70
61
80
53
86
68
46
60
69
25
32
21
129
105
121
116
16
207
53
50
130
98
232
41
102
369
33
48
83
52
67
21
54
57
22
92
41
47
35
90
55
33
94
56
57
45
23
161
279
77
50
51
34
18
64
51
106
85
51
140
97
112
63
71
81
77
98
88
20
99
52
11
42
76
94
43
66
70
116
358
41
38
30
48
107
257
59
241
65
36
32
300
74
48
49
108
88
56
54
72
50
169
104
52
70
57
29
41
50
64
73
157
68
355
97
67
114
74
87
154
42
75
63
52
361
66
71
19
57
89
69
283
65
51
48
34
46
38
64
43
55
89
85
41
105
85
83
59
23
85
52
75
38
68
55
52
80
51
81
292
358
66
46
51
12
43
41
124
38
67
35
69
27
20
41
55
22
18
104
110
35
25
61
95
28
41
8
73
60
47
77
83
106
30
30
96
54
74
30
22
94
28
39
66
20
107
155
88
94
141
195
37
316
7
54
66
20
264
96
51
48
73
77
61
58
96
344
54
21
65
43
102
69
40
61
35
283
71
34
75
51
39
47
34
26
43
170
69
92
23
13
66
49
57
90
339
20
90
22
12
49
61
101
27
81
50
33
67
49
86
27
46
36
41
107
56
22
60
53
24
23
39
48
52
50
137
15
54
93
69
56
96
57
81
139
48
53
125
100
91
42
98
300
64
63
281
82
69
36
82
70
89
51
170
45
31
44
67
101
110
72
85
33
78
62
57
218
20
27
107
92
51
86
84
99
68
60
49
41
52
309
298
55
82
66
61
121
72
141
89
63
46
73
54
82
307
44
44
73
83
98
88
44
67
64
23
69
111
75
86
69
32
61
27
31
237
31
55
75
68
45
90
192
58
53
91
82
103
254
22
81
22
27
90
87
321
22
58
89
57
66
56
93
91
85
77
83
75
90
30
379
24
114
55
96
78
78
94
59
51
194
50
359
24
30
87
180
98
292
33
80
53
69
57
42
21
327
64
106
27
81
385
34
105
100
134
50
71
86
95
112
77
49
106
60
6
49
57
74
37
103
50
339
99
106
287
80
49
23
19
49
65
28
54
113
100
85
45
18
45
66
76
60
38
78
63
52
307
106
79
33
22
305
55
65
31
92
136
112
33
8
104
24
42
86
74
72
58
107
113
25
41
83
46
209
346
348
57
127
57
80
52
30
75
47
29
32
39
104
126
153
53
91
213
19
20
79
62
61
101
64
48
40
93
50
91
316
116
137
59
78
71
52
57
72
113
308
117
70
123
150
37
112
15
47
45
80
44
71
30
108
353
50
36
32
74
53
101
87
338
51
17
76
65
81
55
76
40
55
47
43
90
86
60
62
329
32
85
99
223
74
7
78
69
40
57
116
46
54
44
150
61
48
27
47
104
40
54
122
52
2
31
58
64
57
67
94
78
78
62
13
106
57
70
82
13
56
38
93
99
45
37
56
49
253
90
35
44
349
18
36
53
104
104
81
94
46
6
90
56
116
89
21
86
68
61
71
72
121
23
96
64
105
64
326
139
28
97
71
335
43
79
84
65
116
20
69
138
56
46
186
63
58
60
76
106
70
57
75
71
50
110
100
39
48
122
77
69
78
9
100
53
132
75
54
30
75
48
20
72
55
77
58
199
64
82
16
88
71
45
61
77
103
100
107
119
27
69
57
63
313
67
55
51
67
37
79
72
32
21
65
113
56
71
72
250
175
51
27
36
57
47
44
67
36
41
46
62
128
247
65
55
128
51
32
115
5
22
36
59
103
51
75
63
31
61
64
93
248
78
48
77
70
63
53
96
48
34
108
119
74
272
113
38
100
8
63
55
68
70
40
73
116
54
49
39
20
68
61
230
41
84
106
98
33
26
78
308
109
102
128
97
47
96
83
270
344
33
49
28
49
71
73
83
90
80
33
43
73
72
66
74
156
72
61
35
32
48
50
317
76
95
63
97
65
90
323
67
74
87
268
97
71
79
74
92
48
59
64
74
136
54
25
361
58
324
30
42
76
37
68
58
131
100
29
169
47
58
27
39
98
132
90
56
24
67
84
66
23
94
81
75
47
73
51
56
85
74
263
80
26
76
42
72
55
150
110
97
39
42
51
108
49
52
52
331
72
100
80
42
49
83
36
39
61
412
41
68
78
38
39
29
41
31
103
65
261
319
82
63
92
40
33
72
50
37
302
112
106
118
66
79
91
74
64
55
61
49
83
77
106
49
58
96
53
111
101
33
94
109
88
386
42
33
273
40
61
70
68
43
96
99
68
16
62
110
63
51
45
70
73
105
71
98
74
92
68
309
79
113
110
76
189
101
213
98
53
36
123
31
31
376
86
50
187
77
85
45
61
84
32
126
73
34
64
34
50
81
40
82
27
201
94
57
123
97
49
61
99
67
284
81
96
40
90
6
28
28
40
101
55
49
80
62
69
43
62
125
36
44
88
51
43
96
94
95
61
87
68
293
38
26
71
102
52
49
42
136
197
36
35
74
229
90
79
37
62
89
56
353
87
55
26
54
77
69
168
96
109
100
6
65
52
281
55
19
45
77
50
58
53
60
44
129
107
74
81
6
26
57
283
115
68
317
76
47
10
115
81
95
114
63
301
20
41
81
72
42
63
49
61
19
57
70
40
96
102
35
89
52
75
74
10
85
129
49
102
54
98
338
129
25
16
15
70
75
54
60
93
109
223
18
31
37
29
64
73
33
44
18
106
101
141
89
87
138
68
30
271
42
101
268
74
66
319
75
46
245
82
50
294
15
54
22
54
52
285
346
58
55
244
51
197
80
54
21
39
25
70
9
77
68
25
59
295
83
37
81
290
74
33
18
76
34
65
83
53
29
117
55
181
75
59
53
81
51
103
204
314
16
49
36
30
97
63
41
308
74
12
49
361
75
78
54
80
34
27
59
59
124
55
55
205
38
95
62
264
115
22
0
50
58
28
85
56
61
67
73
42
97
15
62
75
74
396
110
49
45
36
53
314
85
83
40
68
11
57
65
284
78
273
35
48
17
120
107
60
59
73
346
58
88
61
34
52
69
38
40
54
60
66
44
16
59
226
62
93
46
263
17
51
83
55
98
78
65
307
71
198
37
58
83
212
71
69
61
32
66
80
79
97
40
36
95
64
85
86
51
39
14
23
41
43
328
209
81
46
7
84
365
109
28
97
22
250
5
32
83
58
82
94
62
38
25
75
101
114
64
30
297
105
93
42
51
90
21
76
84
65
51
93
79
57
258
90
87
7
82
98
106
43
79
16
45
29
38
43
100
30
62
215
339
55
39
111
48
63
316
96
32
66
25
108
32
58
105
49
387
49
34
75
98
49
90
50
32
71
26
50
357
85
46
65
48
86
45
58
103
92
76
70
50
39
49
83
65
26
35
310
89
53
33
208
118
33
79
78
107
60
88
41
114
27
71
76
28
293
39
65
47
46
267
61
47
32
53
67
25
26
112
50
78
66
3
49
91
30
85
78
70
256
82
76
58
53
225
106
109
70
201
107
59
104
63
63
28
43
22
29
63
58
52
165
310
44
60
69
84
100
107
43
40
334
79
46
75
91
93
63
67
82
85
62
67
51
30
86
79
119
16
57
120
69
165
39
33
115
47
101
14
281
49
60
34
71
53
47
67
40
56
42
51
61
43
74
56
27
28
259
56
59
68
62
29
15
72
39
41
48
47
63
198
100
41
397
79
62
94
70
296
65
78
85
57
58
31
54
59
59
47
85
53
30
51
41
33
73
60
67
84
44
89
29
91
56
37
51
32
69
16
21
77
99
16
61
120
53
20
54
45
119
42
65
87
67
64
83
73
153
22
67
165
105
76
1
78
92
54
31
45
47
73
73
65
64
64
8
33
107
42
64
26
40
66
62
68
290
80
42
114
74
75
47
62
60
69
47
29
98
67
114
31
64
110
104
61
111
54
35
306
75
109
26
47
44
69
219
26
87
67
79
189
63
70
31
87
61
78
80
81
51
37
58
73
25
90
47
66
57
82
49
30
55
46
27
49
15
112
74
91
92
66
58
85
204
60
61
45
119
78
129
33
224
58
87
57
85
173
64
52
119
46
335
54
43
49
65
38
83
103
72
320
109
54
63
3
89
311
12
123
188
57
90
92
120
54
58
26
81
10
44
56
131
132
75
21
59
59
93
28
29
72
61
22
89
39
52
37
250
82
128
32
33
49
61
46
62
61
97
159
74
71
46
64
31
56
91
111
81
56
46
39
38
23
87
64
134
50
81
61
72
31
79
61
65
67
58
122
60
50
63
41
46
62
18
34
47
40
75
55
58
39
89
32
44
51
60
58
43
46
77
46
44
61
155
289
100
83
24
64
71
288
18
19
52
36
31
55
47
75
64
41
73
43
37
53
96
354
49
315
12
346
46
191
322
43
74
84
125
93
70
67
14
56
320
54
50
60
51
74
105
342
101
5
46
96
64
102
69
102
88
338
47
69
103
100
286
93
49
61
74
75
70
10
66
60
56
39
94
50
38
69
81
22
79
77
81
134
62
21
67
90
35
90
76
108
98
91
51
94
38
59
154
30
24
53
13
26
70
52
29
255
178
60
60
33
74
57
34
31
71
89
162
51
125
77
80
37
77
95
118
73
151
77
49
48
312
105
13
47
38
74
97
116
172
80
42
97
65
106
38
107
79
97
367
69
53
68
68
76
98
53
95
52
82
106
283
97
86
175
69
163
17
55
75
37
36
60
83
51
43
81
90
108
40
81
38
118
38
283
87
48
21
67
306
37
114
67
96
63
88
79
91
48
56
62
43
97
112
64
109
55
65
55
83
77
74
30
87
42
57
69
116
67
87
73
82
58
103
54
104
92
50
81
56
77
67
105
69
59
48
47
98
72
103
59
56
72
52
305
32
123
58
88
80
69
27
91
102
38
34
56
144
83
59
271
86
303
370
49
74
40
15
48
67
57
66
51
121
57
289
35
70
320
44
58
86
59
62
85
47
21
33
58
67
63
57
32
91
19
36
36
71
57
83
87
248
51
293
20
87
28
244
65
44
26
47
61
33
78
130
53
28
40
32
33
83
27
70
1
58
48
276
66
60
64
27
109
46
96
43
72
70
97
61
48
30
47
20
48
45
70
277
304
50
63
20
84
323
58
93
114
28
79
43
177
33
100
70
90
49
50
57
197
57
63
64
63
78
83
62
56
58
53
222
88
40
124
101
106
29
29
66
67
101
89
90
84
46
56
23
92
118
153
363
43
88
43
1
68
97
321
87
31
81
67
105
33
48
87
94
37
67
98
43
31
74
41
30
92
63
40
63
52
61
67
42
41
55
97
51
29
41
80
95
60
60
84
64
25
41
108
86
17
55
71
138
67
49
368
73
46
53
0
56
342
71
138
119
89
122
89
82
58
59
61
72
35
86
76
74
105
-2
199
53
57
85
67
83
63
312
254
279
30
42
35
3
230
90
40
39
365
148
70
116
276
75
92
23
77
119
81
70
16
34
73
115
129
115
39
49
81
63
47
120
82
65
67
46
35
74
74
96
29
61
97
43
106
98
109
305
57
68
58
49
77
37
99
77
31
66
53
89
76
102
47
74
32
62
32
65
36
30
48
55
52
32
72
65
68
72
88
22
56
52
91
95
68
323
110
34
43
57
85
49
63
58
96
118
54
43
67
95
128
41
106
85
72
35
36
102
68
50
101
84
17
75
88
43
111
98
87
57
56
44
88
261
84
51
105
34
53
33
60
34
42
62
41
144
64
57
76
37
53
47
56
309
65
57
73
75
204
69
80
73
80
49
57
27
80
67
71
12
59
23
64
53
77
59
18
57
162
94
35
71
13
25
148
68
61
83
61
7
63
77
86
52
44
92
12
86
79
64
79
81
53
86
331
190
15
64
43
45
82
67
59
44
128
84
68
62
27
31
275
47
44
64
54
50
266
73
71
39
61
50
62
75
76
30
100
46
81
108
64
132
119
73
39
58
31
87
221
32
75
36
54
49
58
310
87
104
271
30
68
65
11
58
17
63
102
104
63
66
33
59
101
35
42
11
43
142
49
17
100
55
80
48
38
95
282
116
89
37
42
55
50
66
62
67
94
0
79
96
269
43
49
35
39
40
114
71
103
78
61
18
102
96
28
70
97
59
238
84
87
306
83
20
315
51
44
80
42
118
36
46
44
39
334
70
90
85
67
52
73
41
20
108
73
60
44
62
49
48
80
26
96
62
26
99
277
45
18
29
48
66
76
111
87
65
61
40
110
54
41
51
43
26
30
113
111
99
82
74
31
101
48
73
24
340
52
68
50
33
50
36
119
57
321
21
71
109
61
95
25
52
43
68
57
84
325
62
54
54
42
15
60
43
67
40
187
51
27
75
74
60
46
95
57
71
48
48
82
363
62
63
74
74
69
89
116
48
75
57
72
55
66
31
85
78
104
50
62
69
104
45
39
92
67
232
88
87
36
22
45
107
111
59
16
68
52
126
309
46
64
120
110
9
49
92
26
330
111
69
37
54
36
56
58
18
50
65
77
3
99
92
266
86
59
122
73
116
60
63
46
81
61
291
19
104
82
68
57
89
108
110
63
17
44
71
75
46
39
84
100
14
37
80
73
265
51
70
54
77
329
64
74
253
98
39
47
46
61
67
67
87
76
132
16
73
74
33
47
126
42
80
35
104
66
81
91
71
295
46
15
342
43
91
47
76
99
59
90
159
100
71
60
54
129
40
18
277
72
103
44
57
25
95
121
59
80
52
316
20
31
100
80
356
96
307
96
150
53
62
45
26
74
46
10
99
64
53
51
67
105
37
107
56
75
103
59
145
56
34
113
52
-1
125
92
127
87
82
87
14
275
39
87
47
85
105
95
57
102
92
304
53
109
30
55
22
27
44
98
21
33
94
41
82
36
66
49
49
33
74
112
59
77
14
67
55
139
40
62
42
28
48
52
87
81
78
78
101
63
29
38
91
80
147
282
85
55
39
51
325
69
53
61
75
111
54
54
43
123
66
125
97
314
70
44
55
72
79
38
105
47
261
95
88
60
95
102
82
99
72
70
288
206
84
51
69
50
103
30
44
66
59
28
80
58
79
221
122
110
104
91
88
75
44
57
61
69
40
32
30
75
312
10
138
35
42
70
32
52
57
95
215
99
65
45
59
60
26
83
25
79
38
60
54
48
105
32
84
68
437
117
88
58
70
44
93
85
39
150
93
75
64
93
35
73
51
59
113
37
332
75
83
45
81
83
62
266
251
300
100
35
66
54
99
62
48
73
51
36
85
21
79
59
77
110
284
62
218
45
43
243
84
62
50
41
84
222
45
94
58
48
20
67
62
38
79
126
63
364
27
58
41
39
98
88
101
68
67
8
31
269
281
71
64
90
96
82
75
111
359
85
75
55
91
120
67
81
25
94
24
70
271
75
61
107
57
94
49
102
327
84
276
54
127
48
72
321
104
122
30
47
80
67
47
59
34
110
40
86
46
63
106
95
57
72
80
54
17
24
46
-1
48
63
84
38
36
42
83
120
29
70
68
86
256
82
75
34
50
41
44
58
76
60
55
98
82
89
86
30
84
56
56
112
30
21
86
114
280
301
50
100
370
74
76
57
28
49
59
23
27
69
50
38
72
350
92
96
57
66
81
61
78
89
107
34
27
56
65
25
94
59
345
54
87
62
63
23
55
35
36
93
100
25
91
72
38
68
42
132
45
70
288
38
61
62
51
79
303
31
44
88
43
29
59
95
38
94
65
46
64
40
53
75
39
29
28
19
61
70
37
93
50
306
179
95
91
41
68
78
140
22
282
74
28
101
28
27
73
51
53
21
26
286
53
72
60
68
69
59
79
80
53
48
91
71
192
65
46
124
54
52
80
154
106
80
123
93
33
61
220
156
62
50
186
62
57
46
68
39
41
68
341
63
40
107
116
77
65
107
76
55
336
94
47
326
47
270
130
70
76
26
75
60
337
81
45
103
82
58
98
52
77
74
54
316
27
30
36
50
89
85
18
148
79
64
42
128
57
262
108
97
51
49
55
91
63
117
117
58
41
42
59
40
56
75
45
40
69
60
70
327
146
29
39
18
45
61
58
121
8
61
62
63
112
93
54
35
56
91
70
42
76
299
76
34
45
65
135
74
79
100
89
91
10
33
66
37
333
36
69
60
40
49
62
53
117
75
68
39
41
96
68
286
42
74
29
39
53
361
22
56
85
36
48
30
63
114
53
47
280
89
102
319
84
43
77
30
143
76
292
92
50
99
56
62
67
87
61
106
55
33
75
34
54
112
68
52
38
73
71
44
96
55
79
75
184
261
51
75
53
44
45
98
131
99
51
49
32
57
128
36
22
31
64
303
73
46
37
50
42
344
92
90
274
60
162
73
244
121
75
62
55
58
47
98
58
51
41
404
102
74
74
22
28
52
320
41
64
60
71
30
75
126
-10
59
37
48
33
32
341
68
91
87
33
74
226
93
266
71
35
25
114
57
88
55
56
19
19
71
56
45
60
69
82
43
86
97
13
93
94
70
65
51
51
48
43
70
57
60
106
75
50
71
61
66
69
32
67
314
56
49
63
24
7
92
39
43
89
86
64
89
65
106
115
31
62
72
58
59
85
72
40
60
282
58
73
100
21
83
43
68
31
34
123
75
40
74
90
122
63
74
251
40
63
75
78
74
62
22
62
20
194
25
64
55
58
112
354
58
49
57
48
16
57
42
100
96
43
70
46
78
134
34
34
38
146
56
77
40
49
17
67
87
81
93
24
31
66
58
65
54
62
58
83
177
49
57
63
85
84
60
31
92
115
54
47
127
79
49
49
47
84
14
83
18
94
61
39
60
90
80
26
87
31
36
126
51
388
88
152
56
48
39
262
71
40
354
54
26
298
36
43
48
61
2
5
63
76
52
78
246
84
73
71
37
19
74
47
46
33
55
60
48
47
27
82
89
68
34
80
34
75
84
85
71
37
35
68
105
70
108
70
61
40
105
126
50
105
68
125
52
159
86
55
329
34
64
37
79
44
62
9
116
319
274
37
49
35
64
24
106
41
69
89
48
77
313
92
79
96
336
18
118
51
64
352
95
36
41
44
61
63
59
31
37
57
81
75
20
78
41
117
80
72
81
60
49
78
68
289
77
27
67
74
85
16
76
79
34
43
61
68
26
38
15
37
198
58
90
51
146
23
63
46
59
17
94
263
68
58
44
250
53
65
85
94
60
68
40
68
19
220
77
45
128
129
56
41
97
48
32
51
62
57
65
36
73
325
10
66
10
41
21
67
93
54
67
62
239
61
69
13
62
50
62
34
102
64
81
14
111
92
115
75
29
19
84
52
66
274
61
92
362
81
63
36
86
23
18
111
34
27
49
49
14
19
123
55
127
62
58
27
44
44
29
21
33
37
64
93
23
275
98
333
86
23
112
61
86
84
14
97
8
305
21
72
49
64
68
51
31
99
12
49
132
84
68
95
193
66
35
81
26
48
54
92
54
51
45
-15
95
60
71
31
38
40
89
68
116
79
58
87
32
119
89
52
421
309
114
66
71
74
69
62
24
115
63
78
124
46
17
46
50
77
123
94
84
135
91
69
85
53
68
47
120
138
63
73
68
36
315
99
72
29
97
43
93
122
55
40
90
115
45
38
54
35
77
317
30
55
90
25
67
81
88
87
60
83
221
99
387
45
68
29
84
59
79
57
47
46
19
84
426
95
74
54
70
50
59
55
53
354
83
32
38
88
76
112
52
81
51
64
68
57
78
42
76
76
52
57
115
62
92
79
92
48
16
108
113
77
259
86
76
48
41
81
91
65
12
408
48
34
44
291
36
28
134
50
134
49
50
29
79
51
44
55
101
48
21
62
108
86
41
93
82
45
44
69
42
58
42
96
48
105
93
58
51
47
96
52
63
63
119
95
74
73
39
48
54
48
103
88
94
18
23
35
39
74
22
46
107
41
50
66
44
279
63
20
58
47
58
104
45
60
39
89
106
51
66
46
84
25
56
72
33
39
75
29
81
85
68
38
117
42
50
50
108
35
65
62
23
52
70
39
88
304
77
255
98
51
67
42
19
90
58
84
122
31
111
43
109
84
62
264
111
51
136
75
105
50
109
67
74
37
196
56
205
113
294
112
85
46
105
83
27
77
86
51
28
65
65
51
92
56
8
79
288
38
29
29
221
141
366
40
62
116
69
38
54
43
41
59
367
41
51
60
60
65
56
81
51
36
38
32
55
48
48
61
47
91
52
103
47
69
89
44
50
92
73
57
67
105
67
40
58
42
88
97
84
288
78
93
93
61
39
52
34
74
21
63
50
48
24
47
55
71
165
83
50
59
51
88
58
36
44
65
64
79
107
48
85
55
28
88
74
49
88
12
55
60
46
96
62
47
47
63
80
108
47
56
32
94
65
92
164
82
84
36
376
27
61
51
103
95
79
66
79
49
57
51
84
56
100
69
36
66
88
50
94
29
25
51
35
22
6
46
80
108
54
36
8
185
46
40
1
280
72
94
345
69
94
57
113
22
80
88
28
46
49
78
54
270
331
51
65
60
67
83
83
93
63
2
91
152
89
104
78
39
51
314
70
54
52
105
85
107
87
103
47
18
96
56
62
30
82
37
55
70
52
60
120
68
58
53
58
91
51
11
31
90
32
100
46
126
65
39
69
54
49
48
51
90
-5
63
52
114
81
111
40
25
21
125
89
36
76
49
129
139
84
62
44
27
40
41
34
63
48
83
138
97
30
79
39
76
72
54
96
119
94
42
79
88
54
107
122
62
53
52
62
106
43
69
95
81
46
67
76
71
69
78
102
109
55
23
49
96
120
27
81
43
126
88
35
72
78
60
66
297
52
93
31
64
53
61
57
44
55
78
16
48
54
33
43
64
39
39
42
62
62
27
99
88
276
80
51
38
112
87
47
34
49
173
56
32
26
53
33
39
58
40
97
87
80
68
89
107
150
56
34
44
12
57
51
55
1
333
43
16
111
133
27
53
380
69
18
28
46
71
4
39
356
91
79
75
47
49
10
29
68
313
92
90
29
41
75
63
76
101
61
119
88
61
15
90
101
83
70
41
133
27
50
100
43
138
78
88
92
59
77
30
68
75
39
66
53
34
14
61
80
69
170
95
60
68
67
92
43
57
62
84
50
76
69
77
112
151
71
90
88
74
259
57
34
104
47
68
54
65
47
56
318
58
51
63
53
37
44
64
91
73
74
81
133
265
21
53
25
67
63
38
13
39
97
88
45
65
68
35
86
79
30
88
78
48
99
78
96
90
51
32
69
31
336
74
92
32
11
54
21
110
49
49
95
78
102
76
40
73
83
118
52
92
290
353
41
23
71
50
102
50
46
80
60
72
71
58
26
112
21
117
43
112
124
99
62
64
94
63
15
70
25
31
54
71
63
39
286
33
358
56
66
72
61
44
32
51
125
9
45
63
38
59
113
5
76
153
99
42
83
167
43
58
37
59
26
57
55
68
450
82
65
39
56
85
35
76
98
25
39
53
43
126
62
49
55
38
278
35
86
27
336
42
88
45
347
61
70
419
53
72
69
47
64
50
79
78
182
75
38
33
28
271
64
33
28
46
45
33
28
148
39
20
95
29
29
67
72
38
25
123
67
74
110
63
62
20
66
411
38
119
49
43
70
87
100
69
102
149
47
84
100
28
79
57
32
44
77
58
23
35
38
73
83
106
60
379
107
70
155
107
123
106
50
42
58
74
132
62
110
51
105
46
76
65
33
70
37
43
82
64
65
7
27
65
31
42
83
69
54
108
49
68
68
126
100
58
145
66
94
65
27
57
44
352
83
117
51
24
51
389
79
73
25
116
121
106
110
73
89
54
55
23
66
38
59
121
70
46
98
165
77
62
76
51
29
64
97
41
62
46
70
47
48
46
90
63
69
30
67
67
117
77
87
260
95
28
49
326
43
51
63
93
78
54
52
63
46
28
48
103
67
108
72
67
96
106
68
61
27
37
42
107
65
67
40
73
31
71
121
60
33
67
60
76
62
67
93
292
69
74
28
129
60
46
88
101
63
25
43
125
31
100
218
60
60
40
74
45
46
65
53
67
72
65
82
37
80
109
38
58
53
0
57
109
40
49
40
58
56
50
55
73
35
48
101
268
74
68
63
51
58
69
73
108
78
34
61
55
128
43
70
11
132
178
48
121
49
15
28
105
84
24
66
83
82
12
89
82
80
47
46
114
327
25
44
100
55
82
63
95
48
87
98
55
81
53
39
47
82
316
177
73
48
67
96
120
131
8
71
64
25
27
62
63
110
53
85
53
97
165
69
145
47
15
393
59
41
70
66
71
81
72
86
52
63
45
33
39
15
71
380
113
139
67
36
62
41
46
13
87
82
354
32
77
81
91
69
44
96
44
379
65
65
375
73
5
33
78
84
61
66
68
30
27
255
43
30
32
36
61
123
120
29
25
70
53
44
84
44
82
114
74
293
40
92
126
65
42
94
66
88
63
65
42
68
68
43
3
167
405
63
35
85
57
99
38
96
102
27
54
79
65
107
320
62
35
75
126
104
81
56
58
94
44
82
105
107
41
343
27
17
58
106
37
47
6
76
96
41
58
37
68
28
367
41
75
39
117
347
50
24
72
63
59
46
60
115
81
57
97
47
45
39
50
64
111
20
62
76
55
38
59
122
95
37
78
54
54
75
26
65
88
59
32
120
49
39
24
72
42
50
92
51
194
61
9
207
105
122
82
57
53
93
27
58
28
74
56
97
75
44
40
61
37
42
64
0
26
41
69
104
27
103
56
74
93
133
59
42
59
78
34
76
59
133
53
57
146
31
49
52
98
87
81
31
68
102
38
59
99
54
37
95
101
22
99
79
64
89
82
58
136
56
51
187
115
66
243
61
30
31
83
92
29
36
46
40
128
53
31
38
29
67
83
26
53
27
83
64
94
100
84
31
79
62
74
87
51
62
96
65
41
25
46
10
57
33
51
70
39
101
76
100
60
-2
189
54
73
140
68
31
9
47
55
59
38
96
54
74
55
114
29
70
88
79
132
76
86
41
36
40
33
43
125
74
85
86
63
97
69
69
113
127
75
83
79
37
369
248
72
100
103
354
50
154
61
98
51
103
90
96
71
60
42
93
163
106
100
63
64
75
56
28
92
32
70
62
39
57
45
46
304
34
61
55
78
28
57
50
117
53
53
97
34
91
70
10
47
49
4
74
51
33
45
244
48
402
44
77
102
42
55
48
33
125
24
63
62
90
388
60
57
80
46
58
32
121
72
39
65
91
194
62
12
51
59
69
207
20
48
78
46
105
59
47
32
54
112
55
0
82
32
43
80
65
64
118
78
54
332
92
63
67
50
26
38
26
43
76
84
93
66
90
61
103
86
60
91
45
353
128
17
100
110
33
166
39
66
72
47
36
315
78
89
61
46
92
111
69
68
53
28
160
86
80
41
18
71
95
87
34
91
60
44
88
32
51
78
74
98
71
82
83
35
111
63
55
458
67
78
66
102
54
8
78
49
79
17
356
31
38
53
-3
116
48
94
94
43
61
46
56
94
57
79
107
128
60
29
57
83
96
58
31
37
20
125
47
90
21
68
42
61
39
23
78
81
30
77
18
79
39
47
62
39
66
56
73
63
88
113
50
46
59
56
72
92
77
66
40
61
65
84
87
67
40
65
29
130
99
85
78
108
82
147
55
24
92
19
111
25
77
20
20
38
37
100
40
36
40
71
54
21
32
70
10
38
143
51
12
36
108
34
30
60
42
81
40
44
65
40
80
79
44
106
54
44
58
23
67
62
111
78
49
93
55
69
24
56
27
38
36
75
67
112
60
57
14
78
119
116
57
64
51
42
66
48
82
32
49
15
66
41
42
48
91
127
37
87
43
65
65
60
51
54
70
80
66
87
32
67
85
49
132
14
48
39
22
54
75
74
105
47
57
77
39
65
67
72
5
82
96
38
90
31
73
86
38
30
79
85
131
145
44
68
58
62
59
69
44
45
67
104
374
131
28
79
61
44
77
0
69
116
41
23
53
78
55
53
91
51
82
68
59
76
98
121
91
30
105
66
54
49
61
80
57
33
123
421
97
71
39
37
80
57
16
124
84
11
69
83
34
44
85
72
67
448
60
68
16
42
64
88
85
128
72
71
63
50
54
39
91
88
74
50
87
5
58
81
53
76
97
53
48
111
66
57
56
50
54
32
416
78
71
51
52
99
101
53
59
79
67
65
49
70
123
29
62
74
82
29
61
77
123
60
76
83
32
55
35
200
48
60
37
56
64
85
79
64
360
59
50
77
43
15
64
76
29
65
87
68
41
66
49
107
94
59
65
65
29
89
85
44
49
62
21
74
69
30
365
99
53
11
101
43
97
92
14
39
45
81
24
58
103
79
52
121
47
54
81
55
64
86
109
51
45
22
66
46
78
363
101
17
55
91
60
84
153
48
84
75
48
115
22
60
80
14
46
91
111
94
34
48
64
19
37
78
61
65
69
211
123
55
91
89
135
18
47
9
114
69
22
77
23
46
99
54
103
43
59
26
148
25
105
87
70
106
28
44
54
124
33
86
41
62
57
50
47
106
90
26
82
98
19
43
91
69
26
82
188
83
142
58
84
71
63
165
66
8
57
54
105
75
82
398
54
58
353
101
9
44
87
85
29
52
119
91
30
50
73
162
48
114
66
37
83
70
32
29
90
106
95
112
35
98
316
132
105
28
87
15
43
72
23
106
44
114
77
154
38
28
51
53
91
55
69
67
54
64
88
349
23
107
52
52
80
53
60
49
32
76
69
72
46
76
45
44
133
41
48
66
53
67
54
107
81
65
58
85
78
345
111
90
257
66
400
48
42
69
59
117
62
61
8
78
12
25
81
47
82
53
8
74
61
78
41
59
109
75
42
48
54
61
34
19
76
29
36
66
47
111
91
62
26
71
39
43
44
107
30
456
56
61
83
66
65
98
51
37
74
73
77
90
84
101
75
57
77
37
56
81
110
46
46
92
35
47
84
47
48
39
84
35
106
91
44
46
66
61
77
28
69
44
88
73
79
50
399
60
46
52
105
113
100
46
77
19
62
35
198
41
80
66
68
32
13
44
83
50
83
51
129
52
34
29
51
199
100
72
412
76
63
102
191
63
50
9
47
46
46
48
73
64
97
121
64
425
36
36
58
-2
116
61
76
77
48
352
72
50
30
65
87
73
88
51
43
118
28
70
100
373
22
133
88
71
24
54
84
38
34
49
74
96
54
77
37
104
56
60
404
71
65
88
387
45
13
73
132
93
63
137
109
52
50
51
44
63
83
147
38
36
49
48
16
62
47
20
78
140
37
44
52
18
92
38
78
76
49
313
73
84
40
36
36
73
52
90
32
109
56
59
70
84
99
402
106
68
58
90
77
167
75
43
101
70
107
25
43
112
52
124
63
41
13
51
96
14
57
63
63
64
60
80
59
68
39
104
72
92
50
38
166
98
117
92
39
58
298
62
53
64
52
65
34
55
37
15
79
37
61
36
101
70
49
100
47
110
57
42
89
63
86
75
35
45
79
44
16
72
60
76
52
37
18
299
23
69
114
78
81
40
83
14
57
153
111
111
84
31
93
65
12
55
61
47
12
35
21
54
82
50
154
40
55
68
84
57
21
37
64
48
61
97
50
55
51
83
69
94
60
71
20
103
64
40
102
55
67
32
67
30
54
51
29
109
43
110
55
31
90
54
82
100
61
99
60
48
80
129
45
36
44
28
44
314
56
327
38
49
87
113
73
33
62
41
61
43
48
75
123
53
102
47
70
20
45
93
49
59
252
61
134
51
63
190
87
57
51
54
57
59
103
66
79
79
63
78
312
38
43
105
62
67
27
11
59
37
56
52
98
53
37
65
34
61
112
76
73
32
47
89
75
77
41
101
21
68
55
58
76
70
48
37
42
50
82
110
52
64
39
50
52
54
35
346
75
59
94
83
53
69
92
92
74
57
7
67
108
38
90
47
55
105
97
288
72
127
81
85
67
288
13
41
96
84
52
18
106
54
84
52
30
71
238
33
42
293
3
41
20
73
103
101
53
286
36
109
32
41
57
180
68
92
92
71
47
82
48
117
88
63
84
365
399
62
21
26
89
25
122
76
31
26
25
91
55
72
66
230
9
68
37
38
71
33
10
74
79
78
52
97
86
55
48
45
35
76
48
72
37
104
91
81
120
53
79
46
53
37
41
103
26
67
64
55
64
64
44
112
41
26
50
84
64
55
97
90
115
49
74
41
65
69
140
33
67
14
67
100
65
88
148
45
121
85
66
99
42
21
53
70
14
77
112
39
22
51
48
36
26
47
50
53
47
97
59
47
56
33
37
116
94
100
43
152
59
64
84
31
50
343
38
74
54
125
16
74
56
67
4
50
57
98
143
78
56
83
87
76
54
54
110
72
46
67
89
50
73
119
96
79
132
99
23
74
54
63
41
40
65
89
26
31
99
72
70
94
56
99
80
34
86
58
82
77
78
309
120
24
47
36
114
108
78
30
40
7
85
53
32
20
376
16
32
40
111
123
82
65
104
57
78
102
50
60
27
77
57
63
73
30
60
23
70
57
39
69
71
58
72
44
34
45
59
28
44
213
119
94
20
185
100
63
119
47
68
36
47
83
270
28
92
32
85
320
53
89
95
63
56
13
57
83
43
26
115
70
38
78
62
38
25
131
76
54
25
53
48
51
126
71
29
41
65
54
70
85
74
43
93
123
97
28
87
51
141
69
88
93
91
109
76
88
37
101
107
67
45
78
98
68
69
89
61
53
68
104
75
68
58
18
47
36
74
67
63
28
58
78
100
75
34
69
65
57
96
37
46
57
86
82
63
109
22
49
39
69
6
90
74
19
110
73
55
72
95
82
87
29
79
46
98
131
71
76
48
75
95
80
46
88
48
81
39
345
49
12
20
67
47
94
23
36
34
96
90
76
92
42
81
46
57
100
105
65
76
29
115
84
72
31
50
35
101
29
55
77
-1
95
70
98
55
23
104
33
27
20
69
86
32
41
78
55
23
83
13
100
37
51
40
62
105
35
36
64
61
82
78
114
68
19
48
14
42
89
106
315
123
50
100
41
56
30
27
39
50
151
72
63
49
68
41
43
57
66
59
78
20
69
122
103
34
83
387
74
48
416
85
44
21
115
109
58
159
47
57
44
74
59
53
76
15
42
35
39
54
98
141
18
83
49
63
133
64
63
74
58
73
52
0
89
404
75
54
88
39
57
59
429
57
23
54
68
52
54
67
76
51
40
49
52
71
226
373
56
14
36
31
277
46
20
33
34
117
43
55
37
117
34
136
29
20
25
120
84
49
107
53
53
28
30
51
8
80
65
70
57
15
71
72
57
85
95
99
20
73
34
125
103
99
38
54
41
42
87
28
32
67
42
40
65
50
35
31
80
139
265
65
46
50
56
102
103
46
77
104
73
89
99
52
73
78
87
103
109
100
50
23
46
69
43
33
36
55
49
29
59
83
63
83
52
71
182
277
92
31
53
46
56
43
55
64
67
46
51
37
78
-4
72
78
110
69
19
123
55
31
69
169
65
39
115
21
343
36
69
69
73
56
76
118
18
-3
72
31
53
125
345
34
28
74
59
67
67
38
378
60
45
83
65
78
91
133
43
30
33
23
29
11
90
20
38
141
98
316
30
59
68
71
27
76
117
63
94
49
96
68
23
84
39
27
89
63
48
29
44
45
93
98
31
58
45
68
76
73
2
86
14
57
78
76
24
305
89
63
89
73
67
109
44
82
60
62
67
68
28
24
69
98
34
95
44
113
73
60
50
88
67
44
56
27
54
54
42
59
30
74
34
35
59
112
75
71
76
92
53
54
64
61
41
55
112
55
347
62
54
59
23
55
108
44
64
42
96
27
41
57
44
65
45
73
77
21
30
39
76
79
68
98
51
35
49
44
64
79
26
62
48
52
49
114
68
57
80
50
27
69
94
48
124
40
60
34
62
75
75
100
97
34
26
32
36
68
51
54
82
81
68
61
156
73
77
48
0
20
357
49
23
71
32
36
-4
39
8
264
93
68
60
36
166
45
20
64
15
31
98
38
46
54
122
33
90
77
88
34
72
87
57
79
46
27
79
61
49
86
95
57
13
80
93
105
55
56
70
6
14
72
141
49
29
61
35
79
23
50
69
35
54
34
109
153
72
46
144
32
43
93
47
49
54
27
89
105
94
39
73
100
52
107
36
76
62
63
70
40
21
30
44
50
47
55
58
40
47
14
320
80
28
69
76
55
14
52
42
73
56
74
74
111
90
18
121
33
50
26
81
65
52
98
54
67
99
85
78
43
34
81
43
130
99
30
84
301
38
94
258
82
31
351
67
68
56
69
54
103
47
68
73
38
45
307
99
74
30
43
36
37
42
121
41
78
81
120
96
37
67
72
53
107
94
39
56
6
50
45
89
77
380
40
43
58
84
80
118
81
115
23
73
59
43
59
37
60
63
35
42
87
101
86
61
113
96
79
47
47
67
82
98
75
56
69
73
42
61
38
49
137
29
81
90
60
34
111
22
60
80
54
71
44
90
59
39
84
232
42
71
13
79
29
27
58
73
45
48
107
80
57
52
103
32
114
78
78
75
135
82
66
78
355
39
38
42
65
49
113
62
25
61
54
26
60
100
61
53
35
33
82
49
91
85
26
14
54
72
89
21
61
38
77
123
49
135
71
57
172
74
55
59
176
122
18
320
61
37
14
84
75
28
70
22
41
20
14
23
62
83
67
70
67
31
33
58
75
356
68
88
104
122
31
79
60
87
59
53
86
2
135
77
46
55
40
-7
83
227
53
143
42
77
95
37
99
35
54
90
55
69
50
40
29
66
83
55
58
57
49
74
56
76
102
66
70
62
74
459
73
50
102
74
67
58
99
12
95
58
77
76
49
99
60
64
86
51
32
4
48
12
72
49
184
44
289
95
27
246
54
132
52
56
67
76
39
54
93
37
39
34
3
85
97
43
99
52
85
82
89
27
95
60
99
339
47
75
143
91
64
24
72
353
25
82
22
66
62
42
29
71
45
82
50
29
134
90
23
68
128
73
35
21
44
30
47
68
76
63
27
99
33
89
20
24
136
33
72
42
138
83
101
40
2
207
71
41
56
74
98
100
64
40
24
81
97
64
64
66
48
85
58
357
78
28
42
82
40
77
80
61
42
56
60
62
34
48
88
35
74
137
86
56
63
107
70
93
45
53
50
47
26
50
33
23
57
42
50
39
76
317
66
89
94
122
50
88
106
80
53
69
66
59
22
46
68
62
56
133
31
57
29
66
81
68
47
57
74
52
22
55
104
95
61
25
27
31
41
54
35
122
72
61
69
69
13
118
64
71
79
8
48
42
73
78
101
33
36
64
34
57
45
39
51
94
61
136
54
46
73
66
14
73
2
45
29
25
65
75
74
50
99
77
106
30
32
36
39
282
6
50
55
377
46
59
51
106
33
59
75
106
297
56
13
106
51
83
50
77
30
107
76
64
81
62
76
68
88
33
112
62
46
54
370
27
87
85
22
19
56
67
70
75
80
31
73
51
79
63
72
56
24
51
127
115
37
59
41
61
64
100
80
36
83
46
59
35
49
101
14
51
65
45
29
31
43
52
47
105
88
87
89
79
29
79
58
15
107
82
31
-3
57
83
67
93
32
98
20
45
29
106
57
74
64
105
39
174
30
37
78
62
229
80
115
110
77
23
39
98
77
27
36
62
59
64
75
32
67
55
64
56
75
63
371
93
90
30
77
92
53
47
71
36
15
106
54
38
80
88
102
25
97
136
144
71
56
85
60
73
64
128
86
63
91
47
30
79
45
343
63
109
119
68
61
53
108
64
142
51
29
48
37
100
66
92
64
60
47
69
25
81
65
66
64
48
69
45
127
73
317
76
101
80
108
40
60
62
387
36
98
89
43
62
87
41
59
245
86
73
68
317
39
120
66
74
71
65
27
31
59
6
54
13
28
106
61
101
68
367
54
142
70
108
42
46
99
106
71
83
76
29
73
40
69
66
294
78
9
95
73
75
67
53
47
65
67
134
75
55
31
82
64
95
31
65
66
69
35
68
46
91
72
83
61
332
53
60
53
403
29
72
49
28
291
55
51
92
68
60
92
46
61
57
104
81
32
75
62
15
50
70
16
48
51
301
114
71
69
156
48
75
86
86
31
60
93
45
61
79
109
36
66
47
354
352
40
34
42
68
130
64
55
25
87
55
54
281
66
104
67
51
61
77
58
75
58
74
35
60
81
36
37
33
53
80
76
76
62
22
76
43
66
59
69
66
9
102
62
65
51
89
75
79
83
32
106
75
58
59
31
73
91
183
54
68
43
99
105
66
80
72
91
44
57
70
88
4
14
110
45
162
407
61
33
134
70
88
54
75
31
60
61
12
35
31
75
114
73
72
118
27
79
44
128
71
-1
45
56
92
79
73
84
84
67
94
19
71
48
41
71
140
52
25
87
46
37
6
70
60
91
99
72
18
74
94
356
44
96
42
59
87
73
58
36
91
65
27
64
65
67
69
90
32
79
38
92
24
63
85
16
67
34
101
45
311
36
61
53
62
39
93
62
45
28
95
58
110
55
100
37
78
40
60
116
447
46
62
32
66
111
33
120
78
82
46
65
74
30
23
95
50
52
105
80
248
58
93
76
115
46
77
47
57
115
124
58
74
109
86
60
54
56
108
39
94
39
49
88
61
101
24
97
102
68
89
83
97
80
67
96
70
62
33
89
115
95
29
72
121
34
76
68
65
40
50
107
79
15
95
63
66
93
57
86
98
25
84
127
44
39
14
67
100
24
35
286
193
56
21
70
57
49
91
70
2
35
45
129
69
38
60
77
31
36
56
83
79
84
33
92
34
102
174
83
133
61
73
78
32
63
92
52
85
37
82
113
83
98
32
24
53
47
36
11
30
47
40
60
37
312
84
56
47
30
3
342
111
96
64
80
109
57
107
68
122
168
74
354
80
161
75
29
65
236
46
41
68
30
109
54
106
96
88
38
86
16
14
327
60
57
70
43
59
35
50
104
213
89
60
30
60
92
83
60
85
45
120
67
89
98
45
21
111
74
73
56
53
71
126
28
24
42
79
62
59
53
59
34
99
91
41
46
45
22
17
50
40
85
50
56
128
37
74
127
123
71
57
74
47
21
209
59
64
19
27
375
26
55
91
67
74
89
80
62
87
32
95
63
34
54
56
49
35
20
25
52
319
114
82
96
51
86
68
54
61
388
25
61
84
74
44
66
57
80
72
71
98
59
11
110
8
24
14
59
80
315
86
57
34
10
81
45
62
84
63
28
113
67
56
55
77
15
37
31
317
69
31
48
73
89
56
97
30
50
35
277
114
82
55
59
37
126
24
360
71
137
59
61
69
73
79
51
32
127
66
37
66
30
63
46
29
81
41
101
20
92
46
120
29
56
63
47
56
92
92
52
103
86
86
72
64
64
39
204
98
43
45
80
195
63
88
97
42
55
151
28
64
85
99
35
104
241
29
71
59
58
128
59
45
59
49
11
372
52
78
110
8
42
138
60
388
113
72
63
98
110
30
76
73
39
59
58
40
22
10
76
60
66
37
177
82
142
87
42
56
71
24
69
26
48
8
67
16
145
120
81
52
61
87
59
78
83
76
62
58
81
41
82
357
77
49
271
99
44
72
56
106
104
32
88
329
55
108
78
13
73
45
52
43
99
56
341
15
29
45
83
260
33
52
22
61
96
57
60
30
32
98
43
54
100
72
49
34
66
122
38
161
53
58
87
84
64
40
75
107
28
72
80
59
21
44
36
75
119
87
48
37
32
116
37
46
32
76
45
67
97
71
103
66
41
29
313
20
63
78
51
55
22
96
111
13
46
18
54
58
28
71
3
36
28
86
37
96
103
85
48
47
61
273
21
42
50
52
25
76
59
31
86
395
85
18
59
45
25
60
36
80
53
68
343
344
267
83
288
79
96
13
44
60
79
37
55
67
94
28
39
48
34
46
104
29
53
83
22
23
50
104
52
52
107
47
64
35
118
80
32
42
72
94
60
51
74
186
75
59
48
48
35
204
76
45
64
324
95
95
45
65
93
69
108
58
64
61
42
74
55
52
67
89
80
108
53
48
31
93
98
28
49
35
32
90
48
47
138
35
53
64
90
57
61
57
74
44
363
39
56
48
77
56
63
77
86
354
103
82
66
222
73
99
36
66
44
40
123
49
54
97
36
95
42
38
36
20
81
24
94
37
77
53
67
23
71
16
28
61
74
62
100
56
14
182
39
81
46
123
284
258
76
40
290
186
79
67
53
94
23
60
35
106
66
64
204
37
46
152
46
65
53
31
96
328
50
59
90
74
36
120
42
60
48
78
99
27
62
66
57
83
104
102
87
42
71
61
45
13
60
110
44
67
122
84
119
25
68
81
83
189
307
42
73
22
45
127
66
103
153
42
87
87
114
98
35
88
107
35
108
47
31
314
36
49
43
309
295
113
333
-2
42
77
43
82
40
59
137
44
67
50
96
20
72
30
85
61
49
39
99
61
71
46
78
88
102
65
48
57
67
46
67
56
13
70
84
98
285
67
50
43
40
81
71
56
27
42
41
343
69
45
65
66
85
31
247
34
36
188
78
70
67
105
337
325
51
140
83
41
36
87
48
74
81
26
40
56
131
72
108
57
55
30
45
260
48
35
79
44
54
87
93
23
68
50
14
45
1
47
90
58
224
62
74
27
74
51
24
73
90
272
98
60
114
123
25
84
122
92
38
60
108
359
63
80
57
316
55
119
333
62
59
58
61
73
39
172
38
70
47
49
86
70
106
152
32
63
13
61
107
56
62
91
24
96
1
91
44
57
75
23
60
72
35
74
68
66
71
40
64
91
40
49
70
78
112
53
79
36
55
69
21
44
108
51
61
68
26
78
91
51
76
68
95
61
73
322
98
29
30
69
58
122
77
35
9
131
48
232
57
45
104
23
45
91
58
61
57
62
53
74
39
171
54
70
42
34
10
44
210
37
47
51
88
57
46
24
110
47
29
85
59
87
120
22
44
88
43
29
364
108
100
51
78
111
88
110
77
207
75
59
68
110
71
95
95
76
71
84
74
45
52
68
80
131
35
2
41
28
57
57
92
121
74
49
58
64
56
30
191
72
55
71
35
74
42
51
71
85
78
67
65
42
128
55
24
277
58
102
79
104
40
74
50
61
91
108
72
284
96
105
45
30
70
34
291
275
56
196
71
71
39
46
97
36
47
74
46
98
63
67
56
14
112
103
69
234
90
352
81
98
34
58
106
91
59
239
88
101
53
77
275
68
74
36
35
27
75
82
16
34
85
55
59
91
56
59
55
74
353
100
82
55
53
331
73
57
41
90
27
16
80
78
42
52
12
124
36
104
77
67
48
73
56
92
324
61
36
30
120
81
84
55
27
70
127
96
89
282
103
134
47
89
95
99
95
105
33
24
52
69
56
96
39
85
235
81
48
34
64
117
66
109
68
77
93
48
56
76
56
65
20
8
61
76
29
70
98
115
48
244
66
62
55
61
60
22
43
48
34
89
110
51
53
58
236
11
50
39
42
75
84
98
54
46
31
275
98
57
226
71
96
101
104
310
70
36
137
-9
196
76
52
86
63
81
290
93
58
67
52
47
76
80
41
74
75
58
21
30
216
2
88
41
31
233
202
54
27
39
117
19
72
43
60
16
99
64
338
47
41
99
89
112
49
10
90
42
41
48
26
114
81
347
75
80
87
62
69
30
108
53
56
24
62
53
109
63
191
89
102
355
79
73
58
69
48
58
56
47
76
284
49
77
74
75
43
57
69
136
60
96
40
67
68
82
100
64
72
39
51
84
38
35
85
26
78
79
64
75
82
118
41
62
38
64
88
39
103
108
67
87
58
54
60
124
98
48
62
35
89
80
86
77
47
60
70
299
311
42
73
68
229
94
58
58
196
41
70
93
21
16
64
70
358
96
40
47
67
76
71
42
174
36
55
315
49
90
57
65
65
41
52
4
59
62
75
67
27
278
273
58
276
45
60
63
83
103
156
14
50
78
65
74
65
121
33
37
43
21
52
254
263
42
26
57
56
43
61
26
25
296
25
89
19
35
77
82
93
141
70
92
81
73
113
54
92
25
63
38
61
95
206
88
61
38
30
283
80
79
66
38
88
43
80
104
69
69
56
53
98
84
58
58
63
45
46
69
55
68
34
46
137
310
121
58
111
85
91
280
46
87
72
81
53
294
45
145
40
226
69
40
114
10
38
41
80
58
65
46
123
163
60
109
100
57
51
70
269
29
41
255
56
42
51
197
49
120
36
86
74
84
250
86
80
53
41
128
78
100
53
44
79
50
194
55
142
167
64
280
146
27
58
56
87
78
45
51
57
47
52
52
68
109
90
83
53
115
69
69
82
69
165
75
90
39
77
45
332
98
58
56
49
77
28
73
90
148
32
49
30
90
234
53
165
75
35
9
101
107
236
264
44
100
62
30
44
273
74
74
63
85
25
28
59
31
241
46
287
61
54
228
207
77
80
102
78
49
105
43
53
138
63
70
40
260
45
19
75
69
41
42
73
253
355
41
26
49
36
67
239
50
19
217
60
97
67
153
96
26
76
76
142
175
37
56
70
73
70
46
57
189
18
25
50
47
69
267
102
21
69
68
55
69
44
72
121
326
85
206
44
71
92
107
37
173
75
70
2
258
47
95
206
74
75
109
41
54
67
49
19
65
264
78
181
343
147
60
64
62
85
272
51
70
263
13
66
223
108
64
52
102
48
76
51
97
264
73
69
37
75
124
49
42
53
81
100
100
72
146
110
231
109
41
86
47
19
88
71
59
35
224
70
74
62
56
105
64
65
88
283
131
61
84
74
71
50
48
26
53
131
53
276
70
87
79
319
252
55
114
50
89
60
23
89
190
84
96
53
64
146
87
46
227
25
76
42
79
56
19
67
32
55
251
55
39
159
105
40
67
19
88
111
12
6
153
54
211
81
111
67
66
267
49
50
62
62
55
70
51
71
62
315
48
35
59
90
44
78
31
131
59
64
37
44
86
231
48
86
185
76
49
282
222
33
52
79
26
341
22
39
34
66
108
75
63
142
101
40
76
98
231
103
108
54
73
51
85
37
49
288
294
33
107
132
76
130
55
58
62
116
98
71
66
51
92
95
98
64
46
38
53
330
21
141
92
233
324
178
313
46
61
62
280
56
75
64
59
50
60
35
73
37
91
225
55
49
254
248
54
55
266
87
355
65
52
271
185
252
42
253
59
24
41
34
86
245
239
81
241
107
15
36
76
96
129
82
44
43
60
71
79
49
66
78
49
190
47
297
56
39
33
75
32
66
62
65
37
28
125
20
190
47
88
234
89
56
204
84
79
156
65
85
44
236
22
84
67
48
50
59
21
95
30
5
49
34
63
55
176
38
50
83
87
200
231
45
136
38
33
330
52
105
19
31
40
17
85
54
38
39
75
35
57
97
42
30
71
41
272
83
37
32
237
72
34
63
54
68
79
72
100
88
88
91
36
52
76
45
29
129
42
88
51
53
66
66
37
259
41
46
52
31
83
38
25
39
48
46
34
90
73
45
46
77
34
238
31
96
197
309
72
40
301
47
26
86
75
26
64
58
124
31
55
165
52
51
27
270
25
34
73
37
20
269
6
48
79
69
263
64
85
86
15
245
59
52
18
66
282
31
55
95
65
63
83
78
52
46
44
96
57
115
218
56
117
29
271
262
308
105
79
44
58
53
36
41
63
76
76
24
8
64
67
54
52
62
117
54
34
31
96
85
318
57
188
65
49
70
103
61
97
104
27
54
105
58
59
88
65
18
302
82
76
45
45
74
38
74
289
30
53
39
72
87
324
53
55
59
73
52
14
44
42
65
39
60
99
288
67
81
63
263
36
74
79
57
43
88
63
43
32
33
40
68
46
87
42
55
64
75
53
90
38
72
76
35
312
60
48
110
27
82
88
115
241
81
117
92
52
44
32
217
87
37
50
53
74
34
70
92
81
67
329
8
86
58
335
50
103
62
42
96
91
91
53
47
77
65
36
55
87
268
77
38
30
75
69
49
71
66
117
70
25
125
42
37
86
15
300
172
54
64
23
19
51
45
44
81
35
104
82
324
56
103
71
67
216
52
258
61
70
309
92
90
119
20
41
51
58
75
40
60
80
109
78
56
21
56
62
63
236
37
85
49
40
49
72
6
104
57
97
106
31
246
88
287
189
58
45
103
29
85
19
218
60
67
44
38
25
265
47
42
105
31
66
44
74
47
155
67
31
51
84
34
57
48
76
185
102
72
245
44
98
87
301
62
54
51
100
46
64
191
135
70
311
280
113
24
75
57
69
67
52
66
319
30
96
49
93
217
87
40
78
32
65
54
283
27
73
59
72
309
7
56
121
55
28
43
251
88
272
33
74
62
75
76
329
78
9
47
47
60
194
40
53
26
44
277
136
100
46
48
56
51
38
28
103
124
59
41
307
29
95
220
49
35
37
61
241
69
44
41
51
71
106
70
89
65
25
98
94
5
46
76
21
109
63
43
19
91
65
301
35
61
112
16
59
35
59
79
65
72
58
67
260
33
73
64
67
331
108
82
236
108
77
96
86
141
84
58
43
24
297
61
73
53
283
48
121
35
239
96
86
51
56
54
34
54
66
42
50
28
31
39
298
66
72
62
60
130
65
18
38
49
322
318
180
64
292
58
83
21
10
38
248
23
69
72
219
56
134
113
48
55
38
87
68
60
77
64
46
60
51
38
277
83
87
50
82
73
20
75
62
62
60
67
97
29
75
42
53
61
54
46
37
52
300
103
73
67
23
110
46
29
75
87
121
78
25
63
99
110
125
142
59
75
41
69
80
94
240
247
31
300
106
78
60
112
70
34
82
84
68
30
53
71
64
101
74
73
72
70
62
264
245
82
57
39
40
63
86
47
89
255
260
39
68
45
71
66
47
68
58
87
70
292
26
51
100
51
60
27
33
79
338
64
67
276
91
36
54
23
25
263
62
12
80
78
73
68
62
71
50
68
54
97
81
126
38
241
62
50
67
55
95
86
39
55
92
26
49
82
29
67
10
75
21
49
58
28
90
46
53
318
133
65
51
60
36
59
102
57
23
49
72
228
76
57
60
48
18
25
161
70
40
59
64
40
258
57
79
19
58
17
48
40
194
51
80
83
21
72
331
95
54
65
25
80
73
48
184
47
115
288
64
304
289
112
81
78
49
33
103
321
65
71
85
52
78
122
353
94
158
62
61
76
57
149
40
45
73
111
341
69
76
46
69
36
97
66
39
32
67
80
75
57
60
104
71
39
112
70
42
302
118
263
108
45
44
281
37
57
255
49
86
78
76
61
40
19
128
67
83
81
62
61
46
46
61
44
52
49
67
87
48
79
49
313
74
81
27
59
57
52
40
33
66
68
76
84
18
83
62
104
43
66
92
58
41
68
162
93
84
114
90
114
59
49
92
75
83
80
337
75
59
77
63
65
69
68
37
49
82
110
47
84
97
59
39
48
105
76
69
51
262
89
103
76
313
38
84
45
93
122
60
110
58
116
63
78
63
75
92
233
270
37
76
111
74
81
59
94
63
39
100
53
75
67
50
74
27
40
72
65
72
67
133
271
62
341
90
58
72
56
70
46
57
136
79
81
59
42
78
86
85
101
25
68
102
24
47
29
35
89
64
340
81
71
84
52
255
27
31
54
45
51
87
73
69
57
94
79
51
71
71
13
40
113
98
30
59
28
59
19
64
58
53
356
53
80
34
54
294
28
50
81
72
107
132
81
9
62
73
259
51
51
95
77
54
254
94
95
132
70
63
126
56
19
81
64
204
59
101
35
53
44
13
21
70
68
80
85
71
47
79
84
78
79
48
35
42
26
146
54
55
75
34
39
91
56
17
118
29
240
70
37
73
65
45
58
59
44
31
187
22
61
85
30
91
59
7
58
61
62
184
277
21
75
97
276
66
86
32
67
88
58
21
46
63
59
118
128
66
96
84
106
50
62
62
86
49
93
32
134
288
67
79
235
53
41
90
267
52
74
150
108
56
73
26
100
87
69
18
74
104
92
85
50
55
35
38
58
89
84
36
49
26
82
29
25
77
73
79
57
307
19
79
55
32
38
52
341
124
81
69
33
87
38
45
69
79
329
27
55
291
63
44
36
118
62
90
80
25
80
59
60
71
58
244
21
47
64
62
59
44
84
213
62
77
56
275
31
66
57
139
41
37
87
90
115
40
78
76
51
32
4
127
40
57
44
38
50
86
67
85
38
76
70
48
116
46
69
1
14
82
323
70
70
106
73
30
17
110
78
42
79
41
162
47
72
61
87
92
222
43
56
18
265
77
287
49
45
63
53
66
61
104
42
68
115
94
57
83
38
40
60
72
23
150
28
48
71
124
313
40
69
54
53
62
41
46
38
193
30
89
100
49
129
129
98
42
29
72
61
116
88
62
91
65
69
59
65
93
32
53
47
64
70
69
49
288
40
98
31
149
63
81
89
55
50
49
41
103
256
37
47
121
34
52
129
68
70
95
106
72
58
49
79
24
14
77
78
84
45
22
90
98
36
35
28
228
82
68
62
56
110
65
63
110
41
359
69
46
68
33
278
73
71
93
66
86
49
72
103
32
42
35
71
35
39
30
337
65
135
9
74
104
95
67
57
75
50
56
57
83
59
34
38
84
31
43
170
68
30
62
41
77
96
33
16
207
47
101
49
143
88
132
39
119
37
91
33
19
43
37
46
82
335
48
72
56
79
94
145
50
56
115
40
106
45
76
78
131
31
69
209
78
44
77
51
71
72
54
87
89
53
51
80
71
62
68
54
81
58
88
321
49
46
59
102
51
6
108
30
54
57
33
25
72
28
33
67
153
50
85
113
169
40
120
73
137
51
67
66
82
48
57
71
325
264
268
102
48
58
8
119
25
99
74
33
67
60
50
330
62
85
97
41
97
239
62
44
43
36
100
177
124
24
99
36
31
29
91
61
103
350
5
90
135
45
41
52
47
15
48
68
121
83
42
28
38
27
59
120
75
302
15
322
309
43
40
35
67
50
53
48
24
81
49
39
223
49
69
302
56
289
31
45
287
91
13
68
42
29
45
50
68
51
109
43
22
59
29
76
66
53
55
61
54
74
68
87
91
200
38
83
38
268
46
105
70
46
78
79
370
44
73
108
47
43
42
76
-1
56
339
51
56
38
21
20
109
32
69
67
86
75
73
9
57
113
102
82
73
70
27
35
89
59
78
80
88
93
61
116
83
118
65
42
40
84
69
53
343
57
86
306
68
173
36
69
42
138
70
64
45
38
77
26
69
84
128
53
3
33
22
40
82
63
128
80
126
69
32
17
94
71
35
66
35
97
49
77
119
50
42
357
28
50
282
169
40
144
45
255
63
42
102
77
36
46
59
108
67
54
15
69
45
80
113
46
67
251
39
60
58
65
52
208
299
102
93
85
147
52
47
59
29
44
68
263
76
81
39
225
77
283
46
57
70
62
55
58
80
95
70
63
169
12
66
60
86
50
74
354
58
66
79
83
27
55
57
29
33
69
93
84
74
51
72
85
85
37
158
166
85
76
53
27
75
46
104
79
6
92
33
54
85
94
83
244
59
56
110
335
131
37
95
107
113
68
37
37
39
58
45
52
288
58
62
75
62
140
292
50
81
42
65
58
105
231
40
25
57
82
62
77
77
84
39
99
56
70
22
64
81
49
83
74
64
17
61
86
54
58
84
43
36
34
31
84
79
45
124
49
30
347
97
73
26
24
54
75
15
81
124
54
73
76
135
63
112
15
21
75
65
29
72
69
61
112
77
351
104
39
76
76
46
75
90
67
292
47
54
65
53
343
93
83
65
39
53
85
68
34
107
60
48
57
97
32
89
63
103
59
72
23
9
63
3
37
16
33
58
37
38
47
58
94
109
73
76
311
60
98
8
84
282
38
121
45
108
30
105
87
107
72
138
66
112
63
68
20
71
45
66
49
62
81
98
90
87
95
92
91
46
73
67
40
109
69
38
70
78
91
36
257
112
40
40
77
112
328
45
61
102
26
71
68
59
50
67
322
41
80
88
134
68
52
46
30
69
80
85
93
90
120
121
52
66
323
41
49
110
166
63
149
76
67
64
53
46
101
51
58
40
106
65
88
52
46
37
104
50
64
50
286
168
105
52
62
90
35
83
90
84
68
71
104
60
201
37
65
71
1
148
76
81
309
19
65
55
30
163
73
43
69
38
91
65
70
72
37
33
1
59
58
79
362
37
72
73
57
56
89
236
41
50
61
55
48
72
59
133
66
63
98
79
63
80
31
96
45
79
88
45
50
48
82
65
66
52
61
385
107
71
48
93
83
291
75
71
300
55
54
55
13
74
69
6
126
76
55
76
81
62
43
17
67
103
122
112
81
54
46
109
100
42
32
92
58
43
83
62
58
72
70
52
50
17
90
74
117
36
20
89
78
34
39
195
90
51
323
44
25
75
90
98
41
61
61
111
55
128
72
79
63
49
75
17
103
57
123
68
63
89
45
85
48
63
61
4
61
88
86
293
64
29
95
84
24
300
92
72
52
71
26
14
267
55
49
40
80
90
245
64
89
284
38
37
37
72
65
55
66
110
32
50
49
49
62
104
24
135
72
86
2
66
63
53
132
61
66
56
57
65
68
129
76
268
86
40
70
77
45
53
73
55
94
94
46
94
49
15
74
284
108
91
15
98
28
62
221
100
28
23
82
28
130
55
43
40
51
80
55
76
104
53
70
58
50
67
18
90
55
47
1
93
224
94
42
64
62
88
314
51
72
58
54
72
95
110
38
36
135
85
69
34
94
84
56
23
104
83
35
107
59
65
67
83
350
128
74
85
57
100
16
76
32
357
34
64
63
73
64
65
33
47
78
301
33
44
87
75
171
60
44
38
53
79
113
59
340
60
43
15
49
49
106
55
79
71
32
75
54
94
91
56
88
79
101
64
49
98
29
343
65
-5
77
56
90
101
163
349
75
207
67
105
82
43
64
29
20
48
76
52
87
92
46
72
88
68
25
108
33
82
122
62
54
90
70
127
80
85
65
72
65
82
327
47
45
61
129
76
59
104
48
72
70
75
64
104
46
115
95
74
73
21
9
125
91
118
22
73
101
265
66
81
93
9
129
35
88
29
65
83
154
56
39
59
56
52
63
26
80
297
74
60
83
48
48
70
41
74
43
75
131
26
33
64
25
129
17
71
119
59
46
38
53
1
38
55
92
85
38
53
105
82
88
10
62
59
84
54
85
55
46
130
74
87
47
49
65
66
44
81
59
31
77
62
60
73
73
110
289
23
31
96
132
30
73
49
53
54
79
106
55
31
352
30
47
30
45
77
33
73
118
38
37
78
65
82
28
38
21
81
81
31
55
68
29
31
59
147
37
104
371
43
84
88
57
62
42
109
77
73
115
274
97
39
82
74
43
50
40
75
42
29
66
84
83
73
103
-6
77
39
52
20
78
50
78
77
127
64
18
103
66
116
70
85
63
42
89
343
61
50
108
69
44
59
298
73
68
27
67
209
82
61
71
17
35
355
66
48
104
61
66
17
92
250
148
38
78
78
65
253
72
92
92
41
66
79
78
68
318
66
68
50
43
65
93
79
39
31
212
306
44
130
24
33
63
183
70
96
54
90
79
39
25
81
60
54
33
109
79
261
21
86
61
61
258
25
166
44
60
104
55
187
88
32
368
37
93
56
64
65
18
56
40
76
65
77
49
85
81
62
40
47
71
54
53
29
62
19
80
68
48
92
54
57
24
52
52
106
151
54
38
61
49
55
35
73
51
66
4
54
40
80
36
50
67
46
46
93
18
70
99
43
73
62
53
260
28
70
119
244
102
107
12
47
50
33
52
27
114
75
55
103
37
50
29
9
56
68
31
60
96
115
28
110
56
47
74
41
320
59
52
74
35
218
105
28
34
85
78
44
43
59
46
64
61
33
293
61
29
275
55
95
311
124
83
98
278
50
58
90
275
50
52
65
101
21
54
102
85
58
50
82
88
331
112
63
349
94
17
114
146
168
131
64
56
4
68
24
62
275
73
97
49
60
43
12
71
34
56
74
67
80
69
62
49
59
31
58
69
24
73
64
23
33
283
57
26
68
334
55
262
41
64
70
97
74
91
71
78
54
281
78
83
64
102
78
45
64
45
77
53
86
86
59
56
69
130
42
303
97
108
82
36
66
58
344
119
129
64
384
69
98
65
7
148
98
53
58
94
47
58
95
63
302
56
80
77
81
79
35
295
15
97
27
46
144
83
65
22
38
62
305
30
60
63
78
105
81
68
47
73
38
36
109
44
52
90
88
78
129
259
256
37
61
70
104
32
74
131
35
70
30
38
34
77
55
85
68
99
114
54
147
81
59
57
61
69
39
42
33
73
82
72
71
77
96
103
50
52
95
37
120
79
62
26
70
75
58
87
-2
25
118
43
278
88
43
42
72
84
74
46
76
29
84
116
44
44
48
33
83
47
114
127
54
227
135
51
29
101
168
42
40
79
51
80
91
39
73
92
85
101
89
55
85
49
66
113
29
61
60
34
39
22
85
258
72
74
289
52
66
51
32
209
52
55
119
58
47
79
235
111
108
76
38
45
47
39
71
70
86
116
50
33
90
63
46
80
30
79
343
63
95
32
120
48
63
123
78
42
73
60
37
301
188
26
94
73
327
126
63
334
99
61
43
304
36
75
129
9
21
77
66
309
63
71
52
30
44
296
60
64
111
57
60
44
61
28
263
93
48
79
277
34
42
125
119
50
46
72
61
34
41
32
133
106
126
43
56
16
26
91
45
49
112
78
144
73
114
316
55
101
56
259
39
50
130
33
42
48
52
61
56
268
1
86
52
43
43
37
28
34
66
46
67
92
297
48
40
72
87
75
55
256
70
112
45
41
39
117
336
32
50
70
100
141
75
187
63
74
52
89
33
22
8
282
22
256
45
33
36
46
22
345
84
71
26
54
238
246
97
101
33
38
44
14
65
62
50
88
50
303
58
104
59
276
56
69
40
83
52
26
39
21
51
60
116
92
58
109
33
66
94
37
61
25
77
37
63
47
36
200
25
36
51
41
89
70
58
66
63
64
70
88
48
23
15
53
308
35
33
87
328
73
59
22
32
51
41
74
101
51
30
85
43
85
21
62
317
74
98
84
69
111
30
56
288
45
80
67
81
62
65
66
60
50
316
64
289
110
144
80
169
50
34
147
68
240
45
84
59
50
78
51
49
89
51
288
91
38
60
104
60
305
79
86
217
61
67
82
45
80
93
38
43
83
102
32
30
81
65
59
133
63
94
100
75
59
123
61
86
237
57
24
150
30
292
69
247
50
178
62
25
79
92
51
85
40
93
85
72
21
39
41
44
45
105
110
53
80
315
52
97
94
80
78
130
341
68
30
129
54
7
64
313
60
30
63
79
70
122
63
45
66
287
40
49
52
45
43
82
47
28
63
33
61
189
69
110
54
112
43
267
56
69
149
33
49
83
86
277
50
97
64
57
69
104
71
28
77
77
180
98
62
192
86
105
70
32
49
74
45
35
320
67
91
79
25
49
48
125
68
103
48
83
157
102
59
46
298
30
66
67
57
102
68
80
46
35
83
358
43
96
82
243
66
60
61
46
94
29
101
67
316
17
25
37
48
85
24
31
59
48
88
58
260
84
87
60
102
54
80
47
254
65
286
52
126
57
27
64
72
60
55
128
59
34
75
70
39
155
301
33
35
42
73
25
27
136
45
62
59
75
72
117
86
29
66
88
91
82
74
57
51
57
79
208
68
106
109
54
61
149
287
35
55
67
153
45
352
75
45
161
83
68
66
87
79
18
56
72
35
28
26
86
133
48
23
386
75
48
58
68
104
61
191
52
316
54
64
80
27
95
27
44
59
95
29
330
63
79
89
44
31
38
44
57
115
76
39
77
96
70
83
52
108
92
116
80
104
52
50
86
77
54
59
93
104
146
314
60
64
44
26
98
96
64
32
31
78
264
55
75
345
61
59
127
8
37
247
44
131
99
18
0
61
32
67
104
93
280
116
60
106
69
75
189
90
60
97
91
134
109
33
65
76
93
97
40
53
90
72
47
59
52
63
52
42
88
49
42
75
100
54
60
33
119
25
84
55
58
77
271
49
36
29
69
39
61
263
62
20
22
60
112
57
61
62
115
116
334
36
282
84
103
62
85
31
94
66
74
47
104
58
27
9
220
78
107
60
74
5
199
115
112
302
43
49
377
77
70
74
64
62
53
34
119
86
268
119
79
56
71
53
93
52
55
28
265
26
48
64
89
279
104
258
29
21
75
298
107
75
65
21
26
71
72
44
31
72
102
77
35
64
107
78
314
28
230
64
145
79
42
66
98
50
217
88
79
54
76
120
44
58
39
290
25
28
63
19
49
295
69
66
31
19
52
63
54
95
52
54
49
74
82
65
61
54
48
179
41
62
60
39
92
21
111
66
90
39
299
52
50
59
55
13
133
63
80
1
63
35
82
62
42
79
76
85
71
196
64
25
43
57
59
66
293
249
37
22
64
75
84
37
33
69
81
43
85
238
68
141
80
61
119
36
67
30
112
179
327
31
66
15
50
80
23
155
67
79
62
37
106
331
67
44
103
35
25
315
56
32
56
68
43
77
95
131
60
70
18
58
176
83
51
81
25
19
60
43
40
257
55
75
40
42
68
110
56
41
88
75
53
104
41
62
37
78
163
73
77
68
178
81
48
182
73
79
88
128
95
81
247
47
86
48
16
36
37
77
47
29
60
22
45
79
97
60
113
88
62
66
293
60
41
100
59
59
38
321
43
95
135
79
59
27
74
52
113
39
344
60
72
49
63
74
70
86
59
89
80
92
4
98
44
22
57
38
100
114
33
51
138
112
188
76
60
48
84
80
88
22
106
93
33
53
23
35
307
101
76
85
37
147
44
28
181
53
68
83
257
60
205
56
277
47
61
101
38
160
60
68
36
45
43
98
62
91
56
26
95
79
217
105
47
256
313
248
31
146
87
40
93
74
55
71
79
73
18
59
195
34
73
55
39
80
92
95
73
187
49
53
42
285
25
58
41
80
65
301
280
52
231
225
298
61
93
50
42
277
112
51
77
76
68
59
39
32
57
38
106
30
80
18
46
58
67
30
71
64
46
79
40
42
43
56
118
50
249
80
233
40
163
57
134
89
79
106
55
210
157
47
57
124
11
81
67
267
63
49
232
88
235
25
147
46
61
270
57
135
224
78
57
113
69
54
81
61
50
60
78
66
82
94
102
47
71
78
50
31
98
76
36
96
199
72
159
42
43
36
38
60
77
36
307
63
66
67
85
87
53
21
73
46
55
245
96
37
73
291
107
204
47
216
44
63
90
57
75
251
56
43
78
218
207
37
195
7
41
67
57
89
68
124
224
42
226
205
57
48
42
72
51
51
49
96
227
170
98
94
255
83
32
1
49
211
97
153
28
69
35
55
115
51
126
75
65
178
299
74
41
217
189
65
211
70
209
212
226
72
212
149
91
245
178
36
79
118
162
36
210
270
48
41
155
39
88
26
56
253
49
64
59
59
38
40
243
62
66
66
225
142
148
15
131
108
25
81
190
87
49
175
96
56
75
22
60
23
64
206
36
95
46
68
206
37
69
87
223
249
62
33
239
220
178
238
213
61
25
55
255
102
52
102
71
70
87
62
246
24
119
214
35
56
56
46
82
54
143
55
34
53
164
70
39
46
103
222
57
65
122
203
31
58
199
37
79
40
216
68
73
17
51
68
235
79
49
180
38
237
60
79
191
103
76
250
145
85
40
60
263
254
166
60
238
229
58
196
34
97
60
41
215
258
53
201
254
216
138
238
207
65
65
60
19
214
190
65
94
141
204
214
85
96
60
71
249
29
214
28
222
55
242
164
100
255
291
69
47
202
105
77
227
58
81
61
58
48
194
92
181
118
67
202
78
97
39
183
154
31
61
235
198
203
239
44
188
120
115
258
158
44
155
68
30
197
243
219
115
36
100
74
21
34
58
192
216
55
216
55
78
85
238
186
232
157
178
63
213
164
90
190
66
65
190
192
216
84
29
147
171
232
38
87
0
222
199
48
54
62
57
177
50
212
118
86
142
38
76
52
82
88
71
21
76
245
57
132
162
192
63
87
67
67
234
94
252
41
74
47
190
240
117
178
42
253
79
81
94
44
63
209
58
217
49
212
268
45
97
257
220
59
165
134
72
139
238
120
264
259
37
217
57
252
22
88
38
17
203
83
251
224
52
251
66
140
54
61
66
209
63
47
237
184
198
68
206
151
212
261
78
71
227
62
222
214
58
69
53
63
87
64
233
40
62
39
188
204
48
200
267
63
43
59
88
117
57
44
68
62
53
101
8
37
297
57
81
24
63
63
101
240
21
44
37
21
132
81
80
47
81
34
46
58
141
75
34
73
0
43
30
200
61
270
47
186
26
223
141
244
95
112
88
49
70
112
121
148
72
76
222
54
253
169
32
65
105
85
249
66
92
270
199
228
28
50
120
169
40
174
55
65
24
88
41
64
70
228
281
55
46
249
72
37
47
27
49
23
140
276
49
85
50
66
193
239
256
71
28
72
29
297
52
158
231
68
177
107
76
80
109
208
91
62
65
48
81
297
74
47
233
240
32
73
55
28
62
92
36
168
222
20
30
104
30
46
232
132
77
38
215
52
40
69
134
93
60
79
87
84
37
49
33
242
102
75
37
49
317
62
158
85
215
256
192
183
47
63
80
98
264
68
36
94
42
52
54
238
26
84
43
70
77
47
95
81
265
44
76
34
74
273
81
41
36
63
49
51
100
76
310
97
70
29
256
45
68
149
45
205
102
31
177
71
46
94
95
79
40
114
54
79
101
13
225
69
88
112
144
110
69
233
274
252
48
62
235
204
56
68
79
32
32
213
265
59
92
9
46
215
172
225
46
123
46
263
93
66
86
292
275
64
232
67
98
107
55
252
60
95
105
232
71
45
40
86
28
24
33
193
159
77
248
107
77
246
49
61
148
64
20
32
244
77
110
30
31
281
83
56
219
249
28
262
91
54
45
63
60
44
52
75
103
38
77
45
77
240
319
54
58
20
52
59
108
88
69
73
100
78
24
49
63
271
82
260
78
190
79
76
146
240
240
30
53
60
26
209
283
33
27
87
68
76
76
56
266
59
57
88
50
233
72
33
111
105
63
94
82
188
66
32
236
54
220
65
8
67
176
68
51
58
57
87
36
266
78
154
83
80
78
30
27
106
91
82
156
113
92
217
129
52
167
29
115
246
183
113
66
42
87
73
38
101
44
55
58
61
58
67
64
36
72
61
68
89
91
89
165
126
250
36
16
103
64
46
49
233
67
213
57
74
301
78
31
123
53
76
74
91
64
116
218
160
70
147
84
114
92
55
184
104
123
62
97
35
62
115
86
213
102
68
56
266
58
79
53
75
23
49
108
43
86
64
50
41
69
240
100
70
51
29
181
256
149
121
51
50
109
73
237
59
110
205
33
40
49
55
264
257
48
99
56
57
76
22
59
263
50
174
206
84
66
27
65
74
250
266
65
79
80
59
108
241
80
247
214
36
32
77
93
32
79
73
17
63
172
238
64
70
52
31
74
44
83
88
107
85
66
42
132
93
23
80
293
64
247
49
140
43
53
46
21
68
33
232
56
57
51
73
53
144
287
66
18
223
64
49
50
100
188
76
260
86
104
67
147
102
215
64
247
243
11
47
78
276
10
230
72
83
45
153
103
81
31
80
68
64
116
111
53
115
233
122
39
52
82
75
56
114
40
174
78
42
29
50
228
54
54
48
101
36
82
46
190
55
78
97
54
79
55
57
78
50
200
111
62
104
66
58
71
53
79
165
97
52
248
64
53
99
211
65
176
67
90
90
67
81
216
91
155
60
71
73
81
205
280
43
68
258
226
269
35
78
63
302
129
52
250
74
48
87
19
77
214
84
299
79
83
47
69
49
65
56
23
62
88
219
183
70
34
174
83
18
217
211
99
139
65
27
50
45
60
216
42
87
67
77
90
115
62
74
35
93
113
40
36
61
80
109
73
202
298
79
65
48
92
55
77
185
287
43
25
248
51
43
145
95
141
85
78
115
262
61
60
74
237
218
70
249
268
63
75
97
96
185
49
64
38
199
29
39
153
68
107
29
28
48
57
186
81
135
31
51
219
186
66
90
16
59
71
5
242
214
47
223
226
143
49
47
15
228
44
40
81
66
54
58
40
64
176
193
259
241
218
119
127
244
221
75
26
222
57
97
70
32
186
31
41
63
230
99
30
76
28
85
25
45
66
21
85
268
16
99
201
73
158
64
218
64
140
66
151
79
210
89
19
209
80
68
203
48
42
19
55
186
256
77
172
213
38
254
56
237
80
79
95
66
48
103
113
173
44
191
80
44
187
29
37
60
241
224
236
39
99
199
50
18
90
202
70
77
217
222
203
188
42
269
181
220
197
63
40
69
242
235
65
76
224
193
77
219
91
194
173
54
63
66
94
48
261
197
229
48
200
37
30
227
73
24
70
97
111
79
138
237
85
152
80
26
32
45
68
21
198
77
188
206
79
141
45
72
240
193
62
240
43
191
66
48
132
80
36
69
102
46
164
205
72
25
175
290
89
47
121
39
161
163
202
62
80
67
68
75
208
108
276
74
160
37
140
98
224
32
5
75
89
35
191
16
29
45
95
12
308
25
199
70
138
112
201
258
-2
43
218
74
67
90
61
233
275
182
217
211
77
49
38
246
121
64
205
50
152
58
133
240
238
150
38
31
272
42
103
210
68
91
60
280
38
70
56
18
87
180
61
199
48
232
106
26
94
54
172
211
111
93
226
54
17
223
53
42
79
52
172
175
231
39
284
59
90
179
102
67
86
41
184
215
137
61
75
77
58
71
50
48
117
273
50
106
34
78
56
41
32
72
73
35
165
101
89
49
30
237
94
76
107
262
101
26
63
71
57
275
254
56
190
69
96
47
70
56
189
49
205
66
29
65
40
254
131
23
279
86
67
83
31
210
89
75
41
225
80
56
49
154
96
44
64
167
182
54
37
223
56
27
23
276
55
77
47
128
57
32
31
68
186
56
159
56
37
28
138
343
159
106
181
70
128
80
221
30
79
58
88
44
74
279
89
111
21
41
68
55
19
70
69
269
107
236
32
43
75
106
270
71
56
59
41
62
48
268
57
80
65
82
30
30
73
60
145
127
156
66
49
35
51
42
124
36
32
48
69
208
152
20
21
304
37
25
132
38
51
77
257
29
241
119
13
241
127
41
61
84
72
45
98
56
90
28
108
30
289
55
95
88
92
100
60
85
317
72
201
41
15
51
53
95
106
286
51
68
99
20
142
280
211
89
89
55
62
51
44
41
230
283
73
245
175
67
202
97
286
244
77
61
150
29
63
246
99
43
56
30
89
35
87
69
66
41
86
68
121
57
85
85
242
30
236
40
59
91
59
50
50
212
97
120
102
74
44
111
82
41
48
92
29
68
79
88
78
48
164
232
71
84
316
70
3
57
53
122
54
96
37
117
47
60
70
56
70
26
69
39
105
266
29
47
104
68
58
141
185
86
24
23
125
100
57
70
59
101
35
57
141
119
45
43
244
51
51
59
63
51
84
235
68
79
107
54
260
266
31
46
62
207
67
303
51
59
34
43
306
52
60
98
32
104
32
11
98
64
32
62
159
132
154
58
278
25
232
56
51
204
65
130
96
110
99
308
61
97
84
56
34
75
104
16
34
66
50
68
43
237
54
92
29
318
72
79
47
92
51
72
60
69
37
74
105
68
72
155
113
56
42
69
231
92
279
70
174
98
294
29
55
21
52
44
36
57
73
40
18
71
67
170
48
61
83
54
113
81
102
62
53
98
140
79
43
307
69
12
125
97
135
59
49
82
45
50
21
187
53
51
38
36
107
50
61
175
44
95
70
34
152
52
42
40
44
102
85
55
290
157
17
43
50
53
48
13
59
86
172
98
230
32
97
106
68
54
272
47
54
54
43
56
50
56
102
27
14
63
78
160
85
32
105
67
95
85
61
85
55
48
66
85
73
82
67
57
293
133
73
265
60
53
64
268
261
53
47
93
16
37
212
48
57
110
25
52
180
18
146
59
329
40
76
290
59
340
58
214
60
37
63
70
56
82
55
28
106
60
61
9
176
37
69
88
145
5
85
65
28
35
103
58
64
66
87
37
178
30
100
74
40
250
71
117
51
341
53
44
59
55
29
53
68
71
48
97
23
33
54
57
82
111
53
15
37
41
52
96
0
62
60
75
28
234
63
53
87
69
90
106
76
209
53
54
55
43
55
48
283
22
279
85
37
19
230
109
68
134
59
256
78
29
123
16
72
45
67
43
78
45
41
40
37
79
33
41
42
73
63
67
125
82
94
236
35
273
46
69
28
62
48
58
55
68
210
65
51
51
29
73
69
299
51
43
132
65
73
67
197
64
254
83
34
86
332
26
60
83
79
106
46
63
92
110
75
78
58
218
289
48
259
78
68
64
72
48
95
51
59
49
66
66
100
52
37
111
175
79
227
84
52
69
74
29
86
47
39
101
263
59
82
19
85
76
45
51
109
40
73
41
71
74
81
57
61
266
326
56
111
88
89
203
50
72
105
241
117
134
74
278
62
370
96
30
54
38
118
76
29
15
91
101
89
280
33
243
84
96
45
44
66
50
110
30
206
57
51
77
32
45
59
106
52
75
110
74
47
295
48
88
80
56
53
65
51
74
53
201
86
48
7
80
237
198
102
83
94
66
21
35
68
68
112
45
93
58
55
49
30
31
187
56
51
20
53
58
47
69
51
70
304
47
76
67
53
96
81
57
45
34
73
86
88
41
21
106
53
45
62
26
44
52
87
62
47
66
80
15
107
61
134
73
53
73
55
105
113
78
26
36
56
42
56
42
49
324
70
115
76
45
27
82
96
57
35
84
46
44
49
46
73
29
72
69
47
72
109
244
67
84
70
86
41
292
92
26
59
297
36
78
50
47
53
84
55
59
78
38
65
58
67
69
63
26
60
43
56
28
261
39
44
45
305
87
81
308
23
68
67
239
60
79
46
67
64
198
324
72
42
99
67
60
145
99
15
67
33
67
51
29
62
23
31
70
326
12
260
54
57
80
276
51
321
71
66
48
43
65
94
342
53
71
72
67
37
333
112
69
57
70
103
48
247
46
36
34
29
42
72
106
26
55
40
100
16
11
56
66
51
51
295
48
68
39
39
28
63
86
35
39
282
49
92
55
300
28
139
86
64
72
65
82
51
65
58
156
46
56
46
73
110
64
70
59
50
57
244
84
53
28
44
269
79
42
112
342
23
34
17
37
103
56
33
89
40
98
29
66
134
77
68
30
70
82
117
49
192
73
55
68
36
334
58
77
45
48
249
291
69
68
9
116
57
174
60
79
30
95
71
111
67
49
96
56
61
72
90
124
110
52
44
57
83
62
32
107
3
31
65
47
39
34
6
54
29
59
94
256
64
270
70
47
25
49
35
44
96
316
55
56
77
55
117
197
77
20
159
106
80
72
60
55
42
103
44
78
294
54
18
72
66
90
320
32
35
32
85
69
77
84
62
62
12
47
70
96
34
73
50
113
41
321
25
110
73
36
77
219
41
49
57
29
32
124
71
92
76
220
59
26
43
44
97
33
58
49
122
48
53
70
187
262
77
30
44
39
60
286
21
124
113
76
196
51
63
16
62
57
24
66
127
36
42
73
49
91
63
27
40
349
84
281
35
108
315
71
50
53
78
29
145
82
282
72
95
71
38
31
66
30
38
41
79
105
200
61
56
22
58
78
46
51
26
270
13
69
71
85
298
286
117
63
97
73
145
69
48
81
85
59
3
19
110
67
0
47
183
82
26
54
84
63
72
56
54
65
71
106
50
118
67
31
74
257
40
56
95
11
286
55
79
270
34
105
120
131
329
166
47
108
263
96
74
93
282
88
49
83
70
66
88
58
63
72
72
122
218
81
71
68
122
58
107
77
36
57
66
41
119
44
79
267
36
179
44
45
70
87
262
50
0
61
74
22
42
54
67
89
69
109
75
5
26
60
55
20
60
41
42
69
66
51
178
36
327
169
79
264
39
58
32
60
85
96
44
85
79
37
56
72
76
100
73
130
274
238
290
33
96
52
48
52
53
309
75
86
43
70
65
56
55
42
101
197
25
97
74
63
85
51
104
24
107
47
296
45
62
46
53
60
110
55
52
5
38
72
73
60
94
65
29
131
105
98
106
86
69
61
35
28
69
102
79
44
71
55
22
46
36
322
86
104
72
38
263
71
105
51
74
109
36
89
159
62
64
48
69
28
72
82
61
104
73
51
57
45
81
32
55
254
51
27
24
121
33
123
52
104
12
40
85
39
96
31
34
53
23
72
25
50
64
63
99
106
140
233
249
251
71
44
71
55
74
41
47
194
86
44
79
232
71
53
95
71
54
68
93
33
64
52
139
98
70
77
193
117
52
102
118
26
53
101
135
103
58
91
74
112
79
87
41
23
128
51
84
285
83
36
36
112
67
71
119
24
64
84
39
70
101
35
27
73
30
73
62
23
52
159
84
41
70
40
122
35
43
77
127
56
55
67
88
69
58
99
64
25
102
265
37
89
58
92
9
27
95
71
50
29
108
85
42
65
31
57
55
14
55
323
36
84
63
75
72
12
32
52
39
256
42
72
36
47
260
13
51
36
52
74
301
94
26
29
78
91
40
84
104
130
82
76
145
15
76
92
273
40
77
58
78
267
183
65
43
135
37
61
46
37
68
69
301
222
21
68
47
90
32
58
36
191
116
45
38
16
70
91
277
47
44
108
51
73
52
34
52
59
237
179
78
88
73
66
295
78
60
54
360
52
267
82
83
67
45
81
55
58
24
97
29
288
247
295
35
67
123
305
39
39
45
87
83
77
116
122
70
83
90
117
62
313
59
84
86
317
55
37
76
50
76
32
45
67
269
83
97
66
234
77
65
14
67
60
89
45
94
106
295
77
47
91
61
137
50
103
29
77
90
47
60
97
108
50
56
148
43
55
79
239
44
216
84
61
96
35
59
94
71
102
103
44
91
29
94
301
72
75
73
292
46
56
53
82
92
52
107
60
66
38
70
47
327
63
253
71
98
63
110
50
64
77
27
50
30
53
72
109
122
94
92
61
43
61
14
61
42
98
47
58
75
60
56
56
71
67
341
29
213
61
45
56
27
43
86
58
68
305
46
80
92
113
96
73
78
63
48
326
48
240
90
67
75
63
66
45
70
78
37
86
55
43
23
39
57
112
26
75
99
55
99
44
33
67
57
16
53
102
89
42
71
76
75
62
282
42
50
39
67
79
43
65
111
49
37
73
33
142
78
405
442
108
615
119
175
99
360
286
209
139
349
317
142
115
526
431
312
395
213
216
87
248
308
108
87
576
573
535
534
591
100
210
171
487
484
50
134
179
380
484
94
235
272
362
158
703
692
149
645
1608
307
134
486
526
113
167
126
112
289
82
715
74
546
605
205
126
508
181
524
241
439
320
129
366
408
375
333
211
543
511
96
745
496
611
296
528
564
99
638
50
316
323
137
634
297
496
681
4257
408
359
117
540
93
644
88
504
1704
494
572
382
98
187
134
401
894
130
680
89
329
288
474
108
127
773
128
500
158
498
754
297
108
79
154
133
236
230
257
152
410
81
306
465
823
129
549
249
1029
111
649
526
109
540
278
205
125
327
552
786
578
101
767
113
118
145
378
325
75
610
239
172
559
421
572
96
599
95
295
355
219
475
302
343
214
518
138
340
235
895
172
409
145
112
362
85
607
729
324
378
726
135
238
644
119
708
636
885
92
580
464
349
81
334
182
825
233
497
215
234
561
305
769
413
199
526
289
427
417
303
472
282
109
98
171
620
422
401
137
336
297
484
465
416
133
243
153
328
567
330
185
612
555
381
392
212
195
87
113
441
94
165
378
271
550
421
106
260
279
353
518
654
320
496
145
209
127
178
834
241
542
966
88
744
287
408
442
57
118
97
190
926
318
374
52
295
337
86
536
1962
327
300
753
780
574
131
354
557
110
93
289
327
592
488
331
441
239
149
141
487
118
124
110
242
276
175
420
502
354
347
527
117
221
537
125
252
131
410
706
288
459
117
302
94
408
641
133
593
89
148
638
202
234
227
561
453
642
314
60
436
315
571
489
658
311
99
156
61
474
492
245
139
156
96
90
265
125
299
352
249
219
135
132
464
541
671
440
356
221
143
149
215
286
602
474
432
78
117
295
629
98
153
381
492
171
618
275
98
114
420
655
143
590
262
438
127
289
859
489
245
534
199
1007
97
304
440
589
126
478
463
494
320
108
285
377
201
96
194
94
665
101
174
221
324
386
244
131
143
170
352
452
559
625
668
381
338
82
407
864
397
84
500
484
541
362
279
123
293
263
610
835
521
353
493
362
614
397
420
255
529
389
551
584
140
599
116
297
186
767
253
275
477
202
317
704
971
311
395
76
88
442
595
95
379
133
563
223
766
124
268
3549
130
327
120
503
385
346
588
182
428
527
195
107
521
703
621
275
135
480
104
213
541
169
179
1153
371
136
104
379
156
120
449
88
363
449
140
343
284
230
587
247
511
633
228
680
272
510
222
214
123
81
172
305
708
68
687
111
370
76
705
301
261
356
452
546
605
313
811
177
535
385
403
530
374
444
635
140
99
105
165
52
92
498
389
125
728
192
1478
88
247
992
115
292
106
116
203
130
418
249
93
1077
617
232
582
535
901
393
153
114
244
494
481
377
533
451
451
97
156
458
402
209
650
126
72
490
105
238
545
177
434
98
302
132
157
616
456
482
650
551
275
324
274
519
110
152
482
431
141
242
236
522
96
213
110
428
277
227
332
134
464
137
142
190
190
152
158
110
301
236
109
194
123
313
634
358
237
88
573
690
98
120
463
85
193
220
341
412
150
564
578
708
261
103
487
73
215
106
465
103
55
378
224
418
133
452
304
319
309
783
265
357
410
254
87
141
87
260
438
615
162
389
287
585
112
90
167
97
568
300
103
503
102
220
333
297
436
531
414
123
324
160
580
90
449
544
242
608
698
132
483
272
258
106
180
266
90
241
293
336
230
273
178
651
198
579
95
347
357
297
239
197
1230
307
656
206
494
175
270
328
109
417
175
743
724
155
86
198
91
564
648
521
367
468
226
340
643
102
492
191
620
108
224
413
384
179
86
183
380
144
969
94
603
85
229
227
564
124
100
475
263
567
346
289
188
189
104
480
302
165
141
266
121
176
305
140
100
400
290
113
185
498
627
187
71
521
217
298
575
466
126
109
551
121
349
126
563
444
403
64
244
192
242
400
404
503
239
386
118
103
144
693
205
69
104
447
600
138
393
478
393
161
286
506
477
584
206
580
373
323
153
531
161
601
535
139
86
213
198
112
95
638
108
515
102
138
88
464
475
122
477
252
190
288
582
455
191
327
325
485
164
427
576
230
194
255
226
173
439
550
536
353
260
119
377
965
545
866
563
611
523
740
486
541
266
627
526
179
219
99
86
164
137
651
127
701
150
124
388
344
87
562
586
448
100
240
507
144
426
564
424
275
284
57
140
142
276
203
123
258
233
156
239
113
855
389
938
105
74
238
276
151
748
356
340
113
168
87
420
149
379
464
356
545
123
127
385
97
218
634
369
369
240
625
383
144
768
139
509
159
655
326
170
229
585
276
484
186
722
959
93
188
637
435
133
414
356
214
185
276
248
203
207
737
288
209
487
634
186
438
113
383
336
414
389
153
390
443
600
269
758
415
471
174
505
120
173
405
197
213
259
355
497
270
287
653
315
169
297
195
531
347
560
400
108
601
197
428
528
156
610
92
86
100
329
210
200
233
578
1007
552
127
651
836
534
103
182
155
281
804
346
103
120
117
217
222
595
300
276
570
427
324
629
637
610
333
115
161
242
438
82
364
365
323
330
263
104
138
586
2048
853
766
98
120
148
176
160
218
89
456
119
368
112
248
68
167
119
451
508
151
692
574
182
234
113
571
376
197
168
130
474
640
520
278
311
529
657
81
489
81
125
203
185
114
150
527
475
384
347
733
614
187
158
537
312
99
496
88
533
543
520
231
512
437
172
182
518
139
428
152
286
300
92
452
512
231
270
282
132
126
152
458
129
164
106
205
93
540
233
575
317
460
169
140
627
647
117
210
126
152
242
166
52
326
558
472
493
183
588
98
121
731
80
173
109
306
213
488
288
198
135
1007
359
508
440
125
142
542
167
164
146
519
483
411
97
527
1511
374
368
568
486
138
263
245
66
140
127
355
552
89
71
290
592
598
473
1002
648
624
193
142
173
634
147
494
423
161
121
487
99
292
355
263
94
262
301
86
393
531
218
299
361
133
177
179
527
204
129
654
133
388
94
411
125
383
998
610
296
375
218
251
300
227
514
177
150
128
406
192
215
488
197
382
89
260
144
285
431
642
504
100
408
577
266
327
484
120
582
1212
463
351
402
610
103
86
223
84
139
439
134
265
313
624
89
541
132
362
113
357
233
739
453
130
198
432
123
154
143
309
226
426
207
293
350
411
222
153
940
734
389
305
102
263
298
161
724
313
454
287
353
612
421
393
140
81
507
228
207
599
355
314
462
216
365
460
129
220
195
338
133
520
209
104
121
418
387
74
298
147
89
75
576
156
148
90
232
427
365
649
150
369
222
121
506
674
300
464
396
164
291
323
128
167
382
226
216
1395
136
144
328
112
646
530
133
116
147
258
120
208
206
640
232
104
205
459
499
452
1073
185
103
161
154
305
502
177
136
118
179
270
394
88
278
188
418
349
882
378
296
87
112
101
188
147
431
113
668
263
321
480
208
309
83
118
969
636
401
62
86
377
181
529
351
367
208
297
627
401
140
348
364
277
86
159
558
220
242
146
100
375
214
277
180
114
207
98
515
103
413
181
300
628
74
92
176
138
166
576
69
154
106
56
123
299
330
145
385
284
187
568
84
331
326
549
98
729
401
197
109
273
140
137
457
510
1638
308
377
131
74
938
705
100
327
180
557
326
159
131
354
124
451
157
525
197
564
516
153
95
264
303
592
89
101
91
622
199
420
368
203
366
295
514
87
123
180
110
98
211
111
233
259
90
265
115
460
239
417
319
263
188
316
400
367
573
221
90
448
76
659
134
413
119
139
558
484
136
125
144
103
273
408
343
364
554
155
108
353
652
317
288
701
93
157
469
251
441
240
104
401
460
104
102
403
257
255
113
417
120
115
93
231
460
102
174
362
451
175
507
438
561
294
247
232
363
175
147
367
218
151
667
233
56
136
193
526
274
110
298
362
291
148
196
670
449
342
122
133
216
93
307
343
141
128
354
110
407
385
536
412
400
778
174
171
352
360
548
190
319
174
202
313
171
113
103
561
169
917
419
184
110
663
103
257
297
159
204
293
548
106
76
292
927
218
135
437
159
102
104
484
139
161
115
446
515
168
469
199
119
612
498
588
111
517
552
128
108
312
148
602
116
298
595
205
589
470
392
561
171
181
583
561
204
627
426
85
277
393
522
327
118
98
160
196
309
722
530
578
255
309
115
160
189
70
377
541
199
219
259
152
363
354
204
100
253
184
582
117
311
343
386
334
759
122
538
145
133
319
456
594
344
94
455
1120
118
98
694
77
288
428
310
266
114
124
167
341
401
290
323
206
356
293
149
174
692
159
107
660
252
87
81
85
96
109
130
118
210
512
406
288
122
608
128
585
472
309
99
499
387
164
121
183
350
367
296
233
169
530
654
349
80
103
237
272
106
192
178
633
153
384
632
470
96
183
129
140
371
634
753
139
573
592
171
433
82
224
93
98
351
395
325
175
203
158
329
436
344
581
615
410
489
410
487
401
344
288
289
538
266
397
437
87
116
659
402
202
411
564
