86
373
158
81
89
160
108
338
152
150
226
139
134
307
1076
97
123
192
350
110
105
279
328
243
175
142
497
175
196
141
277
116
173
145
49
155
992
405
263
449
229
367
103
320
84
387
283
247
680
280
120
417
297
143
350
290
93
380
227
101
334
108
213
603
342
588
77
411
219
291
147
432
188
222
387
240
76
201
134
95
122
183
154
65
75
132
125
250
217
266
322
330
210
153
209
228
164
84
302
109
163
86
183
181
7452
220
228
239
189
171
150
135
2515
148
681
249
347
116
183
194
179
295
248
231
118
124
355
108
171
165
874
238
118
102
168
170
143
342
160
191
236
131
1836
206
165
206
194
268
133
91
120
297
127
97
165
133
170
410
89
245
104
387
235
247
366
103
107
601
237
239
118
106
80
110
218
301
1843
355
560
102
137
234
281
704
210
181
162
112
698
110
620
387
356
132
196
351
198
126
259
2996
173
138
146
123
329
222
388
257
607
69
1772
208
164
424
458
83
397
133
201
237
96
355
280
525
257
160
271
251
224
328
163
189
164
263
345
270
102
93
66
263
148
151
347
207
102
240
399
326
142
240
327
324
157
157
138
254
4608
221
246
245
505
153
238
175
362
106
231
337
133
301
313
161
874
200
89
429
133
111
293
141
192
170
172
179
3046
163
177
218
176
147
100
156
133
260
184
350
84
112
207
185
180
196
309
97
237
379
741
145
175
132
171
151
210
641
194
342
330
289
296
271
183
932
492
291
143
704
178
157
201
431
254
397
421
218
168
73
653
202
839
127
91
109
130
239
123
337
112
91
270
45
315
381
410
314
251
275
832
306
236
371
271
155
180
235
162
91
177
628
107
146
201
173
350
82
278
112
153
76
105
190
135
5095
221
448
439
284
147
253
264
303
166
114
173
198
323
677
335
329
259
159
184
126
256
150
207
164
122
244
241
268
213
275
76
110
88
240
179
271
245
265
392
97
373
327
180
266
216
132
335
148
327
245
223
134
343
198
535
145
177
74
137
559
2202
180
73
263
112
249
206
190
645
160
315
275
176
233
268
212
397
194
253
86
990
180
166
505
89
304
368
133
86
409
349
101
314
134
338
154
244
145
274
158
253
202
205
178
568
97
125
1655
430
110
201
363
199
297
198
187
141
111
228
264
142
613
308
344
233
234
565
249
328
289
98
416
255
306
170
159
293
1123
203
101
161
104
355
234
340
149
125
169
307
227
171
242
296
273
314
317
140
150
93
783
237
519
135
312
116
138
222
197
176
226
1275
157
160
513
144
121
291
321
571
953
76
301
242
122
144
223
347
116
359
204
200
145
113
147
229
101
389
370
218
159
223
185
278
597
2966
453
252
153
94
224
62
229
528
149
325
223
286
104
248
415
682
188
227
133
408
165
227
113
130
218
174
102
133
76
112
202
93
103
122
86
229
199
205
94
213
233
95
300
213
648
784
226
261
210
153
170
380
146
738
126
136
333
277
383
128
361
176
318
280
420
617
140
145
55
116
144
308
417
197
288
190
200
784
333
149
4687
147
142
208
343
107
119
170
268
93
226
219
110
493
188
136
56
147
283
122
214
71
631
218
127
235
240
375
122
210
201
221
308
120
337
166
147
187
104
178
2537
243
264
380
169
489
378
310
239
286
238
87
85
168
143
241
101
205
245
453
145
140
115
237
104
231
194
367
330
223
154
219
241
87
109
462
227
538
273
140
199
192
87
125
717
3590
83
380
107
203
175
306
144
112
235
181
168
143
247
74
188
451
725
121
427
802
103
438
112
236
272
367
196
169
531
158
165
286
91
697
101
795
221
151
116
270
231
222
272
130
140
105
276
249
323
217
290
185
191
196
562
323
264
116
624
146
240
99
151
119
142
237
130
220
272
118
356
123
211
198
247
360
138
95
327
127
81
254
371
153
214
276
237
407
136
449
169
242
242
239
222
355
275
314
184
123
170
324
138
291
305
119
338
449
235
229
428
121
422
122
110
128
190
163
154
95
106
332
201
84
146
104
108
93
242
133
108
164
180
140
195
2373
65
321
87
739
109
119
366
101
240
215
202
295
496
250
5004
192
404
207
271
265
164
238
122
126
3279
121
334
299
170
596
241
279
135
89
158
225
264
98
323
69
442
114
387
147
314
733
229
6610
156
95
280
172
88
153
40
302
147
235
124
304
303
105
130
95
239
92
445
721
204
244
322
181
104
166
120
184
230
191
75
181
205
240
157
74
113
315
128
185
307
386
246
285
453
443
302
327
129
342
120
261
157
162
205
190
183
643
374
171
627
67
155
117
205
148
239
136
90
146
130
546
260
179
275
105
702
239
240
369
584
187
106
104
295
120
206
92
111
100
785
252
194
297
230
222
171
158
113
121
103
259
2011
126
207
615
127
391
280
167
163
266
311
186
162
204
573
204
2260
351
139
609
97
94
211
138
115
269
163
170
908
223
499
877
696
356
123
254
117
199
146
266
374
275
239
133
353
121
107
138
100
271
169
137
370
101
208
217
182
318
89
122
278
211
384
250
109
74
266
1859
264
272
254
291
187
105
297
80
185
90
158
80
205
204
123
119
81
206
139
195
124
66
251
92
277
269
160
265
191
755
189
255
166
297
218
243
282
210
200
146
350
209
111
389
108
95
668
118
112
133
93
236
123
292
1172
1189
136
121
254
871
240
268
109
53
312
99
171
156
147
140
133
133
266
144
285
102
350
246
414
299
101
167
123
190
2437
398
183
313
302
140
79
130
216
200
587
74
256
873
404
69
195
104
162
187
89
227
334
589
100
372
322
371
286
232
784
94
160
110
55
172
149
232
120
269
124
177
355
565
118
353
447
150
167
172
127
224
198
662
261
176
112
243
240
153
115
1071
460
307
132
309
104
93
189
178
160
320
120
113
100
221
574
217
213
129
241
124
134
232
268
117
106
170
164
250
144
298
498
101
175
117
4121
366
432
365
134
72
122
82
205
377
182
172
112
245
160
305
417
231
202
88
166
1869
157
200
145
693
205
901
139
257
636
74
471
210
138
137
88
98
237
409
233
121
326
192
316
175
124
137
441
217
156
115
185
308
140
359
185
1124
217
359
205
287
183
194
285
407
139
114
232
300
317
239
209
221
532
195
83
201
1010
213
149
528
144
325
136
359
108
169
143
710
270
387
216
201
154
310
2260
101
186
163
243
130
463
420
380
150
528
216
278
112
117
310
121
239
213
48
574
168
141
51
214
172
96
267
290
142
263
120
121
128
125
101
615
222
181
126
237
554
190
384
225
109
167
225
192
115
375
115
259
155
125
479
148
210
243
164
443
232
363
165
249
154
126
268
107
159
78
395
177
326
299
90
94
219
159
120
230
196
202
129
203
180
250
144
100
2428
581
78
127
238
104
582
157
187
263
234
328
351
349
78
315
271
186
167
231
236
291
219
111
190
166
553
112
95
71
150
247
202
233
101
164
212
114
162
260
304
642
76
200
383
2012
89
199
352
267
128
81
246
310
170
233
86
173
119
67
118
177
183
351
103
93
165
137
163
112
92
5552
181
343
490
193
210
160
977
97
155
411
203
253
335
282
314
462
123
296
243
149
136
80
177
242
1270
111
165
212
80
354
282
173
217
109
117
319
431
115
143
236
248
377
673
413
112
116
145
175
180
247
392
264
211
248
187
311
1710
238
132
239
167
213
109
454
328
205
234
249
377
157
157
296
171
161
97
629
120
231
299
92
285
457
201
446
255
109
161
657
113
342
227
123
251
126
418
175
133
438
177
140
328
168
463
167
68
265
614
169
110
4092
478
156
125
99
310
726
69
230
223
301
246
387
159
104
222
143
310
443
193
326
262
341
182
143
186
159
91
295
391
65
128
240
515
124
266
384
129
190
243
1201
123
569
129
208
116
359
219
96
135
259
227
193
155
345
228
123
257
110
583
4811
193
198
351
129
109
115
306
331
126
194
128
559
261
267
209
92
166
90
298
304
595
6541
293
208
194
133
1809
240
363
460
165
256
213
496
411
110
194
128
166
208
206
215
271
271
98
127
94
192
217
127
124
152
120
90
132
230
100
86
110
168
162
512
157
131
229
213
893
138
191
240
221
199
729
183
232
208
348
255
98
284
154
392
284
348
118
102
541
389
225
223
346
217
278
192
183
151
114
798
217
464
182
240
107
162
455
468
3205
107
165
146
130
1307
85
116
157
191
186
149
195
173
284
152
66
146
222
205
125
121
99
161
130
489
278
528
119
220
85
115
155
117
194
204
79
91
386
181
234
326
82
288
89
297
151
424
112
82
90
191
128
313
318
287
160
530
275
211
148
98
251
231
93
4991
107
57
199
714
111
352
1788
155
257
602
144
118
290
123
196
382
290
141
1780
191
99
446
199
141
148
144
113
187
2514
165
97
507
413
154
281
160
155
319
257
340
483
218
335
115
235
145
147
139
214
248
196
264
91
258
248
133
453
171
178
86
102
768
366
187
232
409
104
390
216
411
215
72
523
283
669
187
115
172
1640
64
197
377
228
179
508
179
263
539
339
195
147
596
354
339
266
76
183
331
540
248
103
253
155
381
174
301
310
101
140
222
133
334
105
133
255
869
232
98
198
268
140
113
122
151
379
172
102
349
568
268
161
128
123
97
220
229
307
253
208
724
696
143
64
308
203
363
219
189
303
98
131
92
599
103
205
135
127
557
82
120
324
342
121
191
171
119
105
149
111
225
259
110
213
238
251
172
232
351
460
74
266
310
132
148
304
957
268
319
216
675
165
292
124
193
186
387
217
147
117
318
106
190
2455
117
136
205
153
109
371
143
152
349
180
203
592
1151
242
219
172
279
183
333
765
99
144
100
287
154
320
174
88
123
291
548
256
171
236
274
849
141
163
175
860
111
141
145
593
141
897
125
104
151
84
337
328
209
150
205
173
187
428
248
243
169
130
334
206
216
369
152
212
105
359
314
270
127
280
139
321
592
89
4160
182
112
160
91
376
183
111
115
338
690
300
143
126
194
83
229
255
132
106
401
174
708
121
139
109
192
172
357
618
142
108
273
136
245
243
589
166
964
279
122
317
218
122
215
263
321
141
108
737
162
427
142
118
142
150
885
172
383
119
133
385
176
309
662
97
604
1473
203
146
564
132
121
169
188
162
614
154
169
118
94
159
268
262
101
208
224
203
302
121
88
183
168
443
163
80
359
162
198
174
135
261
323
143
216
184
399
139
240
132
260
318
187
440
295
410
297
230
86
356
590
267
202
327
118
192
210
155
237
99
392
316
111
101
89
165
212
171
492
152
859
338
139
175
208
322
259
157
209
116
202
116
131
370
92
390
192
88
156
226
177
93
80
456
200
109
88
156
317
174
252
181
150
169
411
108
213
111
195
154
126
142
183
123
176
371
164
202
221
199
293
206
295
441
169
228
263
2001
355
94
72
224
251
843
228
188
149
327
199
112
322
86
177
214
195
257
155
4148
139
149
210
153
115
99
218
113
131
332
126
281
329
261
194
112
344
162
148
169
123
211
151
263
244
224
170
152
258
180
335
245
89
133
1350
172
171
137
252
174
167
117
384
116
759
265
216
197
267
213
376
138
450
108
325
279
405
172
395
306
221
94
157
83
108
257
138
246
198
141
114
127
260
322
79
154
205
123
465
124
277
249
88
227
216
516
233
560
276
185
326
649
161
273
417
448
99
187
2623
234
172
2524
379
168
126
200
144
217
100
1887
146
137
95
82
281
160
81
436
152
165
151
537
251
118
297
163
226
118
126
545
98
722
263
130
124
307
247
175
116
97
146
305
189
219
175
161
108
367
159
150
98
218
268
88
196
223
138
181
172
161
103
104
91
175
109
138
192
158
133
911
282
300
134
114
430
152
269
653
322
471
200
461
315
271
251
272
74
3620
219
2684
265
5663
185
96
313
179
158
231
288
872
94
225
267
97
294
152
117
270
114
376
218
143
349
126
326
337
3874
159
114
346
82
680
384
165
951
177
121
100
154
451
115
87
306
309
286
104
242
198
128
128
140
206
896
191
358
79
73
129
160
239
915
99
90
81
61
12
53
66
104
143
56
90
103
53
45
65
61
83
16
94
80
20
27
74
14
81
56
43
45
156
56
24
72
59
17
20
66
59
107
72
83
72
6
99
180
178
28
86
67
140
74
79
72
94
19
80
27
26
49
44
36
60
30
108
15
135
15
64
13
112
110
-23
63
93
122
28
65
46
120
75
101
109
22
17
70
6
41
41
48
48
107
53
28
43
60
67
84
19
23
67
8
80
105
31
36
18
55
36
142
78
57
1
52
27
51
2
84
65
106
10
61
66
204
39
75
19
37
42
113
55
74
58
36
85
73
46
87
-18
48
134
63
101
87
92
3
17
164
71
84
148
66
43
79
62
117
106
88
14
28
-5
108
78
99
41
45
112
63
52
73
87
65
34
76
9
117
77
72
50
-5
99
22
52
118
6
56
37
88
112
43
31
66
42
113
56
179
43
123
47
30
101
87
78
83
110
170
51
75
57
88
64
36
63
56
62
122
37
36
161
123
5
1
103
26
38
51
47
34
72
66
74
54
68
140
33
15
25
63
51
75
163
96
11
106
32
-4
80
40
45
131
79
46
5
52
79
14
54
61
28
84
76
140
68
243
75
96
170
116
81
179
95
74
75
46
64
27
36
63
35
9
21
21
66
113
5
72
41
74
49
94
41
39
51
17
101
36
143
26
42
67
20
78
56
109
98
39
48
41
68
74
45
67
84
38
91
32
80
42
-4
33
66
42
91
32
31
-5
20
7
65
124
66
122
120
61
45
64
84
90
125
112
38
119
68
75
82
0
15
87
79
127
39
167
215
85
50
71
0
111
54
52
81
85
73
12
116
43
71
47
81
78
27
56
84
73
66
185
62
161
40
44
80
63
45
71
99
63
-5
22
55
71
-4
17
37
99
160
75
95
125
76
59
141
105
61
37
49
51
53
51
82
-3
135
92
89
88
40
45
107
81
32
1
593
74
144
122
123
284
213
199
191
201
233
170
176
151
191
216
101
193
141
149
171
159
143
168
118
144
175
151
226
129
180
133
155
201
136
169
159
140
165
152
127
146
168
137
102
130
206
143
114
136
180
188
136
131
114
121
172
89
118
165
156
106
190
182
131
136
164
172
176
142
95
192
181
131
155
106
193
140
141
161
163
123
174
149
151
218
214
47
156
89
84
197
150
139
184
142
178
158
132
171
180
109
145
146
160
155
199
173
151
158
187
142
104
174
94
173
132
156
109
162
198
170
181
135
168
127
183
139
154
107
153
154
149
163
146
160
103
141
105
184
155
149
143
181
139
160
166
127
181
171
178
113
153
151
168
189
193
152
179
187
188
109
156
152
111
150
87
162
120
151
148
72
153
202
180
134
164
174
116
172
206
164
150
135
192
97
198
144
245
199
179
156
93
165
122
53
142
176
165
132
61
181
176
202
224
190
196
177
185
158
107
112
167
214
245
207
142
169
152
246
229
208
156
222
178
172
194
109
160
216
110
182
99
145
167
198
133
115
189
235
115
185
212
199
202
168
111
128
94
162
174
158
232
216
163
203
221
199
232
121
115
127
63
166
152
192
142
100
114
229
237
182
202
227
154
136
52
176
69
282
186
153
84
132
210
191
216
207
223
147
172
217
218
125
193
250
141
76
124
159
59
184
220
221
10
203
244
181
239
181
155
53
165
96
191
241
137
159
86
206
135
49
264
154
177
218
255
175
192
194
157
245
217
208
148
182
211
204
223
135
90
105
229
217
216
192
258
198
231
162
151
193
199
220
91
146
65
79
152
139
83
263
229
148
203
222
155
138
246
257
60
52
189
124
246
160
72
48
226
170
180
228
126
187
331
238
101
273
196
222
199
87
69
98
238
236
54
197
39
140
216
87
106
89
264
167
305
67
217
265
99
176
107
217
208
58
158
215
81
47
202
119
207
25
212
216
79
195
124
69
255
50
182
24
137
16
195
122
248
36
56
239
78
140
106
42
172
247
38
150
213
31
266
247
257
163
72
160
239
164
66
183
57
239
241
210
171
174
157
321
34
112
277
132
268
170
217
57
175
134
247
248
59
31
194
167
243
50
107
138
169
164
66
59
218
89
80
235
169
159
123
202
148
201
195
81
82
218
41
242
103
198
228
120
128
198
172
69
79
238
230
251
72
41
88
226
129
209
255
253
113
146
160
111
232
175
39
213
76
1
240
280
137
87
276
43
93
93
203
209
187
55
78
145
59
225
50
68
50
258
111
117
79
30
235
117
161
282
26
73
272
104
200
212
56
160
245
198
33
175
51
111
70
137
219
178
50
7
23
73
151
60
88
40
211
159
119
223
239
33
206
62
190
285
38
98
127
158
224
35
38
284
294
121
51
251
51
224
164
238
178
41
254
245
235
37
194
55
261
30
225
70
143
121
252
122
44
142
49
264
49
22
93
77
187
72
221
110
270
117
54
253
100
124
91
57
72
205
241
175
164
60
329
92
239
360
75
47
60
104
89
51
226
234
45
36
64
17
110
165
24
200
211
116
230
208
56
159
192
67
73
271
201
34
50
65
100
313
165
74
166
49
279
91
72
53
18
108
80
237
97
41
84
112
78
83
50
216
289
285
237
252
257
50
52
235
49
346
40
78
86
211
250
41
264
61
118
265
138
40
106
81
77
42
226
224
274
234
228
100
253
104
151
54
81
243
71
165
66
277
195
267
56
63
227
264
34
151
48
83
124
79
247
64
207
270
62
275
28
72
44
59
53
129
202
36
207
75
34
253
245
60
70
212
62
36
76
21
259
58
120
323
204
66
77
202
253
72
52
42
270
53
12
63
216
49
150
61
265
83
51
95
230
88
274
282
100
93
219
84
246
297
222
271
51
42
309
263
50
65
50
167
211
64
41
256
61
80
291
60
251
176
96
247
202
96
63
260
52
38
232
67
88
97
13
51
248
178
48
78
291
72
258
35
114
148
219
17
250
44
60
337
80
73
89
39
89
123
235
302
312
72
76
270
24
109
34
57
83
86
21
78
64
30
144
55
56
43
304
315
311
61
55
234
188
82
66
101
100
266
131
255
105
105
55
61
120
118
63
312
39
94
97
53
308
25
29
34
43
157
70
40
94
102
256
94
55
269
335
292
57
70
75
138
117
260
96
314
64
24
81
19
226
72
121
56
13
37
73
98
260
75
60
84
91
228
260
219
2
82
174
141
330
24
265
132
48
275
163
110
252
73
127
139
355
270
80
121
29
293
45
49
117
221
287
102
57
71
67
87
70
65
94
122
63
166
314
90
28
302
209
109
263
324
40
233
63
308
129
79
48
28
74
43
174
250
181
45
66
194
156
179
64
71
81
54
57
33
44
54
28
171
58
45
192
79
201
69
181
42
35
108
66
63
45
230
42
109
250
338
82
293
80
61
32
67
71
135
83
229
327
247
50
128
63
63
34
50
82
100
87
69
71
43
52
88
78
58
44
155
61
61
285
76
249
216
271
271
45
65
35
83
229
59
120
132
163
25
112
90
73
74
35
247
43
81
66
62
33
112
29
115
294
60
83
70
249
94
53
60
36
58
284
199
69
79
280
81
46
96
72
241
65
285
83
324
29
71
37
49
2
271
107
100
71
123
292
22
92
67
45
80
118
32
209
265
46
76
66
66
59
86
256
56
56
320
34
173
36
89
93
316
76
39
101
253
26
255
60
63
289
212
48
86
23
28
12
295
0
295
47
158
355
59
132
94
49
84
59
55
328
38
86
68
76
91
145
33
53
207
95
38
60
79
61
170
69
111
39
111
60
166
111
260
48
28
130
65
55
52
37
30
132
102
59
52
96
73
88
122
116
52
106
249
25
80
218
275
111
36
65
73
74
232
49
7
31
21
286
54
39
224
301
96
79
89
96
164
25
276
292
32
53
332
66
109
120
97
165
250
30
292
122
331
302
59
53
109
211
36
142
46
33
242
315
79
52
346
43
119
123
57
52
257
75
71
142
74
61
72
57
62
43
82
28
21
81
107
20
215
91
100
58
117
218
70
54
281
79
54
227
88
46
60
64
99
80
102
34
215
46
52
42
50
30
56
42
86
57
101
79
98
48
102
282
62
48
81
46
312
26
70
6
43
219
194
334
93
60
67
46
42
75
82
118
71
83
65
50
103
311
54
35
276
142
20
37
49
348
61
224
44
95
297
61
54
85
20
105
69
252
145
46
286
110
108
26
318
35
47
69
28
28
31
197
27
118
112
68
129
51
75
174
56
47
34
300
27
57
112
83
237
56
39
65
112
86
87
90
320
317
49
68
75
70
313
85
39
59
255
118
92
48
247
139
19
56
98
37
54
47
86
64
51
54
214
46
66
261
81
30
202
39
27
63
83
50
32
48
278
136
95
286
78
34
59
56
41
314
68
47
86
28
36
54
60
82
61
46
66
248
34
94
329
126
70
68
108
67
57
338
69
385
38
200
104
61
23
261
220
45
302
65
33
220
58
83
114
311
35
73
64
99
117
82
41
44
52
216
85
63
341
106
52
76
58
264
22
355
312
219
26
48
44
49
49
54
34
42
59
23
84
91
58
34
352
49
249
292
118
27
80
69
32
86
18
149
73
91
145
328
40
232
66
84
39
87
107
108
43
103
26
197
66
21
59
57
84
54
147
67
213
114
70
34
119
84
90
323
120
127
111
283
83
72
31
61
40
303
261
115
45
61
68
78
77
66
39
67
93
72
66
101
69
80
321
70
323
94
63
84
80
365
59
78
74
66
36
73
66
12
344
83
73
67
327
57
88
44
98
102
42
47
32
234
74
26
349
60
56
60
56
66
119
85
337
230
226
299
48
67
82
30
42
81
37
36
85
56
77
60
174
52
67
40
63
46
259
44
46
104
97
35
57
22
61
70
33
122
48
92
339
54
61
59
37
85
48
68
23
293
73
43
52
29
80
31
50
342
53
94
18
97
310
91
93
339
58
59
60
112
114
95
72
165
54
314
36
33
79
45
50
48
20
44
67
36
280
76
79
106
69
67
47
98
87
275
95
168
253
40
67
341
35
337
271
100
57
92
119
76
52
31
35
44
56
47
47
66
330
41
43
49
59
39
56
284
30
105
71
80
73
39
35
54
39
296
228
64
51
283
48
36
131
295
72
111
37
106
44
85
252
26
1
70
67
96
99
353
48
57
83
38
106
36
50
314
67
63
47
115
46
281
95
84
34
333
292
27
64
80
55
56
29
82
98
390
91
24
62
44
46
29
74
84
67
259
41
320
48
79
44
88
88
36
25
93
55
37
36
213
45
110
293
24
52
98
74
46
60
38
2
58
159
93
44
64
79
117
60
20
124
47
33
348
302
122
106
45
59
333
43
62
359
48
72
91
47
37
55
63
111
71
57
50
90
308
51
37
40
49
98
48
58
40
43
65
104
54
83
41
47
70
109
43
105
120
77
317
152
57
80
106
66
241
356
43
80
47
69
65
133
66
39
20
66
29
78
96
109
68
47
90
308
84
27
70
383
81
63
44
412
58
90
134
302
87
31
90
37
109
81
68
90
38
109
206
318
33
119
53
72
35
76
115
59
72
176
49
66
35
119
45
112
328
262
123
116
90
93
192
32
54
90
57
85
105
90
104
376
23
118
77
202
55
71
301
65
179
65
97
55
67
74
18
47
60
86
87
31
61
100
41
72
180
7
41
109
32
98
97
84
424
75
92
34
24
70
78
6
335
163
36
381
46
136
72
56
111
17
60
125
46
33
17
91
75
39
40
60
83
40
311
36
29
61
78
254
123
109
253
97
51
66
73
71
74
67
19
142
42
64
80
124
335
281
38
66
48
86
298
12
321
64
19
54
94
55
40
69
95
34
62
87
111
83
65
97
0
50
302
245
138
50
51
42
20
51
73
390
50
34
320
74
60
57
57
114
105
46
97
68
65
61
62
101
296
364
91
24
56
314
22
70
73
87
69
44
52
218
87
92
21
14
75
216
31
79
300
91
157
58
60
42
169
153
107
93
103
39
81
97
80
223
76
64
73
190
112
335
42
58
83
46
48
68
65
84
81
48
42
297
108
52
61
69
128
58
379
58
118
57
48
13
50
325
351
62
54
70
74
90
454
42
147
72
110
307
77
335
76
26
101
55
90
68
67
70
103
19
102
61
42
44
65
71
74
66
54
62
47
49
61
2
99
28
145
52
48
71
87
119
54
118
88
38
336
21
55
29
38
43
38
46
70
51
320
82
41
75
37
19
49
55
340
84
85
21
43
57
59
33
197
61
48
16
97
12
41
82
45
20
75
49
40
72
50
32
91
79
112
68
123
27
51
55
44
281
46
40
38
50
148
57
95
277
58
101
303
74
54
87
361
94
65
40
41
65
117
73
38
54
79
259
80
39
45
59
49
140
34
69
67
47
55
45
78
327
88
85
53
67
97
50
64
24
44
299
85
96
77
32
21
52
53
74
57
60
17
77
58
48
72
4
76
108
94
333
27
99
46
262
118
175
305
92
77
94
42
268
83
373
391
153
57
42
35
87
19
23
73
130
39
97
40
95
77
67
46
12
67
36
61
99
48
208
205
416
51
33
62
52
318
65
80
364
138
43
55
105
57
90
53
25
99
60
88
26
247
66
65
18
48
18
83
272
105
19
32
38
72
92
46
257
70
123
98
96
92
40
36
44
102
77
35
23
345
67
268
10
86
62
311
52
34
26
39
203
48
138
30
94
79
284
382
99
69
131
95
139
46
113
116
60
31
117
46
38
63
76
48
89
50
207
90
55
74
113
33
29
51
52
292
29
54
11
57
114
118
98
223
12
114
256
49
198
52
136
62
-3
60
72
70
77
24
19
93
36
67
78
349
401
70
99
310
60
351
44
62
19
50
28
86
189
88
238
27
21
113
50
133
69
69
41
59
27
54
56
43
86
138
73
57
308
14
62
79
191
76
39
121
49
54
103
40
23
24
126
90
92
48
92
26
2
63
64
134
38
118
8
79
115
50
36
37
74
36
389
35
96
402
50
71
53
69
48
49
78
88
206
96
59
341
86
43
103
92
123
77
326
132
73
119
77
64
80
59
252
359
36
43
35
10
43
55
41
125
43
26
43
69
96
27
12
52
44
43
94
77
126
287
71
62
55
52
34
114
35
92
57
103
280
29
81
64
309
26
73
54
67
117
69
27
59
94
101
59
307
113
81
71
184
53
78
4
50
74
52
364
74
116
49
70
50
116
59
61
64
116
34
60
87
55
73
344
21
67
61
87
36
36
47
337
126
57
28
81
76
29
31
20
71
36
70
61
85
303
339
18
54
34
44
22
64
95
79
44
29
355
57
83
46
119
8
86
37
27
51
87
66
78
47
380
35
75
246
48
50
40
334
59
303
74
53
7
67
75
74
50
37
80
75
46
30
118
47
50
32
176
39
50
55
324
65
227
19
15
227
378
31
68
36
56
58
98
54
60
49
50
54
118
60
39
59
52
47
36
78
73
37
67
352
62
51
71
82
124
113
70
48
48
43
99
366
90
45
81
52
109
77
24
51
38
380
104
103
109
55
67
30
44
100
67
82
128
278
70
106
73
22
60
41
34
110
9
401
25
20
59
65
47
27
52
44
9
118
47
82
65
57
73
69
107
76
112
28
44
34
72
55
74
54
40
60
50
54
39
175
101
47
36
58
69
16
53
72
495
80
381
39
72
301
417
382
84
55
88
37
404
49
43
79
84
50
40
101
55
91
436
32
49
61
44
52
157
108
113
46
76
70
109
154
76
90
326
68
90
101
57
63
71
178
34
32
263
22
91
107
54
78
59
63
63
17
36
61
52
122
23
58
363
88
393
80
52
54
81
56
117
49
94
146
34
46
43
74
62
64
84
36
120
35
80
42
59
68
31
103
227
92
79
70
51
61
60
60
77
98
59
124
328
380
70
107
56
24
78
249
293
52
46
77
83
47
60
80
335
30
126
75
77
81
267
70
69
46
113
42
413
43
52
82
393
51
149
28
43
52
59
142
84
61
169
53
54
42
66
54
81
85
54
382
67
61
57
50
67
409
73
149
35
45
22
56
55
67
57
76
43
47
69
28
80
72
64
79
40
49
41
99
91
89
49
25
32
80
85
52
372
135
98
62
68
66
326
69
56
274
28
97
57
89
55
78
44
42
162
118
118
17
66
73
275
112
47
77
5
18
49
318
85
64
56
80
381
39
43
108
335
72
70
391
37
110
54
55
34
55
37
14
35
109
29
38
317
32
6
101
21
276
56
65
39
50
73
97
227
108
54
91
31
71
84
75
63
70
138
50
124
89
136
30
50
45
14
88
61
56
33
44
285
100
332
11
86
431
74
47
27
30
47
103
46
105
69
98
67
368
75
73
78
54
90
54
50
48
79
55
63
109
35
31
30
90
112
76
84
77
59
21
73
86
108
107
29
34
77
94
123
39
66
78
74
335
30
92
86
64
67
28
48
75
55
328
83
82
117
52
69
61
57
99
83
93
52
70
55
345
49
78
85
107
46
100
160
59
311
130
83
71
104
26
261
80
68
293
279
47
38
24
331
80
72
47
78
52
32
82
55
68
348
357
83
92
69
30
161
88
68
57
78
41
44
261
61
88
73
343
52
396
43
274
23
22
371
355
36
100
47
281
251
374
82
23
365
70
71
90
61
85
61
48
64
41
32
39
66
383
60
25
88
57
25
40
312
127
66
35
108
75
40
44
60
59
346
33
75
79
63
107
62
32
33
22
122
65
71
18
49
104
27
389
73
42
49
67
70
103
76
31
84
78
246
46
95
30
20
10
70
44
48
66
49
156
62
81
338
102
129
22
74
41
57
7
34
55
27
56
63
336
63
320
56
83
50
57
314
91
52
80
239
87
68
81
30
71
262
98
417
164
333
90
25
80
26
80
65
70
53
65
87
81
71
91
41
5
38
33
39
40
54
15
380
115
60
93
275
44
395
73
38
308
95
58
51
101
36
58
58
78
53
348
66
21
37
70
53
66
35
65
73
104
70
12
52
10
49
315
42
34
46
74
23
47
55
96
323
74
81
118
65
400
55
205
38
52
77
43
41
87
427
68
70
349
47
7
0
87
44
56
30
49
33
109
52
83
91
58
79
96
56
65
62
106
56
90
417
58
93
47
85
96
23
138
64
29
99
403
52
111
58
52
66
19
73
125
72
115
66
24
86
278
42
275
43
-2
47
91
137
67
43
50
60
24
37
79
27
45
347
16
61
54
83
44
86
39
70
73
115
75
60
45
42
15
47
82
279
104
74
105
68
26
31
89
10
97
63
41
91
50
70
72
86
47
358
64
35
54
122
67
43
37
89
72
81
46
44
299
69
119
29
20
69
28
52
62
48
38
361
38
274
77
10
56
278
59
158
202
41
57
89
0
35
81
72
365
413
74
75
214
190
69
130
116
56
92
53
44
51
51
50
98
86
81
159
65
248
97
82
40
72
69
91
83
24
39
63
76
74
101
85
71
48
68
131
79
205
49
63
103
67
60
40
36
45
60
66
16
84
114
58
60
53
77
50
83
82
67
24
110
29
60
42
87
121
82
82
44
42
5
176
110
46
108
72
50
66
34
16
57
37
53
87
77
329
49
31
109
331
106
343
46
76
46
93
63
325
41
239
36
46
78
138
70
40
51
48
96
53
79
39
67
46
103
99
54
92
67
57
55
76
47
36
42
35
69
32
85
79
36
105
365
63
343
90
91
60
65
36
100
81
62
58
19
60
85
30
88
52
50
86
94
92
176
46
103
36
103
92
73
40
138
37
53
91
32
16
155
61
35
21
95
70
35
38
268
378
27
52
78
172
64
29
44
-6
87
65
81
86
48
5
30
47
355
90
75
95
70
35
13
49
33
23
85
50
116
332
377
30
88
78
56
107
30
79
57
75
92
101
69
127
62
37
257
97
46
38
64
31
63
68
50
108
41
53
106
111
100
67
48
62
58
57
122
83
65
48
47
104
24
92
34
77
108
90
362
53
43
110
100
54
103
59
23
185
69
106
50
106
17
118
113
57
62
56
53
276
62
50
73
96
77
28
80
77
36
331
47
74
38
54
51
42
13
52
51
79
363
70
37
40
66
75
42
81
72
39
28
100
284
59
74
50
61
67
301
49
72
16
37
92
87
70
83
37
26
64
77
35
77
67
163
43
0
78
60
61
43
28
65
73
61
82
353
50
68
109
8
100
75
10
99
47
100
73
49
24
77
51
111
101
224
41
42
65
80
95
40
54
438
82
277
111
38
38
46
72
45
283
68
64
73
34
28
111
85
320
43
89
22
48
47
84
72
336
28
41
30
169
37
97
209
61
106
64
66
100
86
107
81
21
121
357
58
59
38
22
357
337
56
43
42
94
162
115
90
284
39
62
42
38
3
17
60
78
51
63
53
99
83
384
53
58
114
119
95
164
56
110
24
83
48
119
59
52
118
67
59
86
92
113
415
22
91
93
324
140
352
65
107
376
28
35
69
17
95
44
141
61
36
50
80
121
39
45
52
89
106
66
445
62
61
388
44
12
91
10
80
418
103
50
85
39
83
117
70
43
116
79
34
71
51
102
69
51
109
46
28
98
56
96
43
148
51
32
84
88
48
49
62
60
3
47
65
32
48
115
332
76
104
74
17
110
69
55
48
313
105
17
42
79
27
100
234
67
86
87
83
339
27
246
33
83
24
57
43
109
58
35
335
73
75
58
100
70
39
45
143
87
37
87
41
63
108
55
84
41
147
80
56
31
24
64
36
101
104
93
66
348
99
41
116
26
38
68
304
77
89
117
56
36
57
40
71
108
49
62
112
91
37
432
67
93
70
60
64
75
63
65
36
73
63
236
72
86
39
34
210
85
67
50
61
48
68
68
105
358
79
75
398
49
94
268
150
53
67
414
158
67
103
4
25
404
43
75
139
65
44
39
26
101
57
51
37
59
84
253
41
121
45
84
-7
41
183
20
330
58
53
279
50
109
56
80
59
58
323
82
333
82
89
79
143
62
70
117
94
63
49
67
67
66
87
75
71
38
67
57
122
228
58
83
337
101
70
70
84
64
64
305
37
312
6
68
76
65
81
21
75
91
73
377
39
46
64
14
88
49
53
110
83
51
50
41
17
68
84
88
236
33
59
42
78
126
59
35
81
66
114
53
132
92
396
92
86
36
65
48
49
60
34
100
72
377
87
38
382
58
45
23
39
84
80
123
32
52
79
140
87
42
78
54
56
33
95
36
52
63
62
61
10
82
30
37
39
46
83
70
32
45
73
368
345
63
107
60
58
115
49
36
27
75
61
44
12
306
34
15
411
114
81
76
59
114
25
322
116
72
52
114
42
65
229
121
57
20
350
80
48
39
73
49
70
28
58
58
48
83
88
52
34
34
213
72
25
98
367
444
68
23
85
351
80
15
81
70
28
112
33
110
129
57
73
102
40
40
37
112
99
69
52
74
18
67
75
35
94
57
350
71
34
37
120
37
44
79
48
85
36
5
75
56
239
58
91
130
63
24
74
104
91
73
310
56
54
46
47
272
40
85
33
76
88
307
83
349
63
41
60
50
127
71
84
45
30
76
289
57
40
69
80
75
74
87
68
59
0
58
73
126
77
332
57
28
49
104
68
87
48
440
363
91
82
82
69
459
24
57
73
44
34
101
52
62
30
98
84
33
98
34
91
71
100
78
84
103
271
184
21
21
19
31
43
48
51
37
101
87
29
81
86
99
24
90
95
55
48
27
43
58
60
87
50
83
53
1
89
145
385
60
23
210
102
78
347
388
54
221
72
113
40
45
45
56
46
55
66
48
355
85
41
50
105
97
124
85
87
16
44
220
81
24
75
64
118
99
18
75
23
49
362
56
41
48
38
69
0
54
191
30
279
93
88
52
301
46
54
91
67
51
63
55
48
18
47
211
30
48
85
47
38
14
47
97
262
86
86
70
77
19
98
83
33
103
118
314
96
68
439
67
55
106
97
38
90
71
41
77
77
6
162
56
68
47
296
52
42
38
46
36
72
100
61
22
66
29
74
161
57
342
86
73
63
70
45
93
93
134
73
109
40
90
39
73
77
76
38
68
60
90
93
257
61
51
61
76
66
123
64
53
61
314
59
43
113
100
318
27
60
385
77
50
36
356
48
54
80
75
90
94
78
54
122
9
320
64
264
24
381
27
109
76
19
72
55
168
36
119
18
51
98
27
68
85
24
322
35
309
-2
62
287
13
58
107
51
50
46
91
39
17
34
29
53
22
44
18
17
51
222
201
86
421
31
47
76
86
242
55
43
320
107
48
38
89
349
51
48
42
295
62
385
47
73
320
230
401
328
373
5
44
37
151
318
40
49
48
379
302
172
65
108
104
355
47
102
40
94
33
126
107
55
25
7
49
35
22
123
29
354
378
51
332
114
62
89
80
70
38
99
89
14
16
79
30
42
53
77
16
196
93
72
151
117
240
105
79
97
31
87
93
275
93
15
76
22
78
64
279
40
60
40
68
125
127
24
80
84
66
25
87
104
53
58
5
68
40
247
61
29
39
24
47
131
74
30
45
48
85
44
72
65
77
87
107
53
101
34
129
44
63
72
52
60
327
61
38
88
41
47
82
48
104
101
69
82
66
67
46
38
28
389
43
29
355
36
105
84
365
59
48
36
56
32
55
63
18
198
124
86
127
75
100
96
305
41
33
63
34
57
51
50
80
70
56
269
238
35
45
58
315
382
67
54
145
44
46
104
21
73
66
84
70
90
18
36
97
208
89
120
65
316
44
54
84
32
56
52
33
42
3
62
58
43
66
114
54
18
157
14
68
344
124
64
365
38
44
13
38
301
91
83
76
81
78
59
127
44
80
44
32
64
33
66
106
53
41
70
63
181
45
46
45
35
60
54
25
51
49
73
119
61
164
33
81
40
53
61
322
382
49
95
86
53
49
323
77
161
60
68
333
35
55
52
56
119
31
47
49
27
59
141
55
62
44
122
73
45
32
94
36
380
57
74
40
62
36
47
90
71
6
93
66
319
56
86
47
9
36
56
42
64
89
41
36
58
77
18
88
261
63
353
93
61
74
112
270
111
79
48
59
175
17
95
81
62
28
59
30
326
126
94
58
158
74
89
54
84
32
84
101
107
94
101
63
83
47
34
40
42
34
294
171
87
42
371
217
272
45
79
117
66
115
77
150
35
108
83
201
51
74
292
382
43
48
112
50
81
67
52
55
103
57
70
18
64
55
64
62
66
103
51
51
50
46
36
41
37
62
31
31
50
295
13
102
79
58
91
32
159
284
31
85
75
86
59
24
34
284
56
82
18
48
67
66
87
195
60
47
31
50
57
27
160
377
62
35
80
96
90
59
84
71
61
73
104
283
300
20
327
82
334
139
74
66
43
117
67
43
101
54
41
44
13
77
23
31
33
86
30
325
57
31
54
44
17
31
68
53
50
16
82
90
90
6
22
300
56
49
94
27
28
149
67
27
84
344
345
305
62
27
318
100
337
23
78
99
106
78
35
57
99
29
91
85
69
103
49
33
156
61
99
38
66
313
60
50
122
110
28
36
304
73
208
92
4
42
75
88
33
51
80
65
32
108
52
44
103
38
98
87
80
83
105
77
340
92
72
79
57
66
306
404
45
94
56
52
60
63
73
87
28
55
83
66
330
13
104
46
134
301
35
361
39
53
352
71
21
85
88
47
28
379
57
109
53
56
66
50
97
40
116
216
40
402
82
53
55
51
88
106
84
35
33
52
21
76
39
42
25
98
54
139
114
75
75
62
117
43
96
202
150
50
67
87
71
130
18
40
44
62
109
56
92
46
67
82
45
75
112
70
386
117
147
88
34
74
77
75
94
51
44
55
41
77
82
28
93
82
46
168
50
51
38
86
82
78
91
39
46
258
106
97
92
78
65
55
209
67
45
49
55
148
26
74
80
80
78
261
98
60
51
43
79
106
60
47
65
63
53
30
56
28
101
51
63
100
57
33
72
72
70
11
69
60
62
209
43
61
51
33
65
46
27
43
127
90
35
113
91
55
44
74
37
88
71
98
54
114
45
53
334
47
84
37
75
27
67
28
71
36
48
49
50
25
49
78
96
131
70
58
66
116
16
51
52
84
100
38
41
60
60
121
38
79
51
50
137
208
96
80
45
133
89
59
84
82
60
301
71
86
54
216
59
342
74
42
68
49
93
65
70
159
60
61
120
193
109
38
37
62
197
43
120
46
236
194
94
64
351
63
48
100
85
342
331
44
79
103
217
35
61
71
43
71
109
76
310
273
222
323
81
58
58
14
96
61
53
55
347
37
89
233
70
72
64
63
58
59
40
43
375
117
87
36
89
63
52
271
91
65
71
64
319
253
307
84
73
43
65
55
14
35
81
83
99
31
21
257
94
52
72
143
402
67
40
191
135
69
49
64
12
370
213
59
90
64
365
59
36
27
40
337
58
263
36
127
68
69
51
74
45
27
153
74
82
77
59
308
67
49
21
40
45
153
74
52
76
75
23
40
73
19
38
60
71
52
223
62
34
37
40
63
46
68
282
140
201
27
321
147
46
279
46
102
113
96
59
9
227
87
92
31
70
50
176
68
110
44
64
258
74
362
73
21
363
67
75
315
75
30
326
128
102
295
306
19
61
60
51
47
117
375
65
107
67
103
114
53
45
87
110
32
58
95
22
49
67
71
278
81
271
9
84
84
89
54
60
37
54
49
66
55
292
53
88
50
87
88
61
113
293
174
74
71
32
69
86
47
102
327
93
260
110
20
17
55
25
120
72
60
88
74
43
106
81
154
19
37
63
75
75
220
99
114
83
31
39
61
215
103
97
25
245
36
232
55
50
55
45
18
351
40
168
101
83
93
75
31
71
49
259
56
82
271
226
63
40
72
63
64
51
79
59
109
57
45
70
412
64
66
231
29
241
245
44
84
25
82
68
77
36
41
313
102
102
110
50
34
43
67
2
54
69
251
37
81
106
287
73
68
75
51
69
83
63
50
118
26
85
54
136
80
185
360
57
108
88
118
112
69
85
95
68
49
66
56
82
54
52
25
228
78
61
42
279
59
58
96
58
25
56
372
62
84
18
49
55
30
88
30
71
304
51
104
83
298
103
67
32
10
7
48
70
84
17
90
56
56
63
34
46
52
84
45
60
53
20
110
21
78
41
71
290
69
84
279
43
73
301
127
34
145
25
32
36
26
19
72
83
69
55
70
60
69
62
67
63
58
57
66
62
365
35
31
50
18
65
101
89
70
28
41
82
62
58
22
80
47
351
49
52
130
111
86
94
47
79
188
316
94
5
25
61
94
46
23
75
330
100
87
86
57
95
43
81
39
27
64
23
62
70
48
60
44
49
66
68
373
38
55
77
85
278
92
34
60
21
37
101
86
76
179
87
41
96
50
362
40
61
39
93
53
92
66
60
36
62
73
261
81
25
98
77
243
98
40
51
107
36
60
57
43
21
78
97
14
85
131
69
330
169
297
283
56
303
89
293
51
332
53
308
88
105
51
41
76
26
140
121
41
155
37
17
47
76
67
89
41
69
113
355
185
84
88
70
6
253
130
41
105
91
156
62
318
20
293
32
67
75
52
42
38
102
93
75
91
120
76
212
44
43
330
59
229
75
87
281
30
336
41
115
398
51
59
38
90
71
38
55
61
78
350
84
78
354
50
49
81
36
374
81
63
54
62
0
86
9
52
47
338
182
48
22
322
89
340
60
60
90
112
101
64
54
135
72
299
35
75
41
42
63
60
58
54
57
250
42
50
71
88
86
33
318
115
55
58
77
57
85
355
43
35
26
88
41
74
87
185
52
58
98
24
71
82
112
330
88
8
23
372
67
43
93
73
81
270
44
62
22
285
50
93
318
267
53
87
58
46
366
79
53
96
52
95
120
64
59
298
216
58
263
334
30
48
158
317
59
325
40
85
9
139
123
30
43
39
226
87
303
77
20
6
31
56
34
78
84
268
112
36
25
82
71
96
52
38
78
62
49
63
60
79
75
247
306
66
84
95
54
86
290
70
82
44
25
140
303
98
104
275
17
22
12
41
310
357
42
74
15
61
24
22
19
43
64
318
80
45
104
32
43
95
281
57
49
189
33
27
35
43
51
244
55
105
49
43
341
322
43
53
31
72
334
20
98
56
324
244
78
7
353
48
45
311
84
85
68
46
-2
185
108
84
39
58
21
368
322
78
68
44
98
60
55
18
51
75
106
88
42
193
81
72
411
47
61
110
46
79
112
85
68
67
129
116
64
37
38
52
24
79
21
96
275
32
9
34
27
348
91
141
372
81
375
127
95
87
230
91
33
43
322
35
28
41
109
106
62
321
360
347
70
103
37
109
59
31
52
126
80
289
92
338
87
53
74
240
416
39
105
95
208
25
49
87
66
253
303
22
59
41
57
69
17
71
61
111
12
73
77
53
69
93
73
83
56
129
107
89
71
80
32
49
28
379
84
14
114
37
98
60
99
52
45
17
77
113
27
51
84
82
37
23
35
69
83
306
42
38
362
51
54
43
85
38
53
44
84
45
68
99
19
73
105
67
83
69
101
10
35
64
59
68
10
33
51
80
80
118
50
179
347
351
40
391
176
285
273
41
108
61
128
193
-2
409
73
72
53
17
48
74
47
49
237
360
53
299
272
50
329
46
53
43
60
28
31
350
93
99
85
26
260
59
373
50
194
87
92
86
44
111
21
43
63
83
109
47
37
83
82
116
54
42
41
41
98
100
59
224
47
65
301
72
191
41
86
244
56
55
52
56
52
101
50
106
82
52
72
40
40
57
66
95
88
21
52
107
136
54
51
76
71
55
248
89
69
56
61
192
3
37
86
101
55
54
252
52
92
241
77
56
100
297
73
287
127
67
36
44
61
90
163
76
74
70
46
42
101
87
57
54
82
78
80
74
15
41
82
129
45
46
61
65
25
57
92
39
45
67
61
87
31
54
6
21
53
41
40
80
239
20
61
32
58
60
220
38
59
44
62
135
25
66
49
67
74
62
44
97
103
61
52
15
67
17
63
53
6
95
87
108
85
42
318
47
63
403
347
48
71
94
77
365
99
25
79
43
51
109
98
83
87
141
75
41
274
195
34
56
85
194
59
71
66
29
125
38
49
89
323
53
40
97
71
51
381
52
89
230
32
52
61
52
61
24
140
53
112
47
70
42
54
65
62
141
42
70
68
52
14
97
58
59
230
19
34
15
65
68
48
68
102
75
88
76
199
35
347
88
40
29
57
60
57
106
251
16
32
16
56
81
29
273
40
233
33
57
31
232
74
55
58
83
68
35
60
7
81
370
137
52
66
22
46
40
187
57
81
75
23
51
60
258
42
200
63
102
64
38
55
52
72
9
257
56
85
291
63
218
97
86
260
43
68
32
69
67
293
23
142
71
62
32
50
43
33
59
33
72
46
144
65
70
39
53
48
359
84
84
46
76
48
68
51
49
83
249
84
41
115
64
64
77
346
62
64
30
100
77
45
308
84
80
93
303
46
67
84
65
31
40
84
72
81
20
82
56
51
71
99
308
304
59
36
71
36
57
21
78
41
65
107
42
37
104
43
67
54
56
309
50
320
79
41
42
103
80
62
10
85
70
99
37
64
42
29
79
60
97
60
275
90
36
69
181
58
92
363
21
70
107
89
197
50
47
31
333
20
50
119
121
85
39
35
46
85
100
50
63
99
110
235
40
61
370
63
299
90
34
26
52
84
22
231
79
314
74
67
67
41
5
25
65
319
245
263
314
53
51
37
148
73
46
38
312
38
68
65
30
20
107
339
292
424
67
26
77
50
314
57
56
81
99
122
78
140
71
302
100
113
63
123
101
67
289
49
309
67
30
311
68
108
106
88
120
71
53
180
44
29
325
75
132
48
68
38
75
114
97
39
51
97
44
71
42
108
50
39
43
62
230
64
51
114
141
302
329
202
60
81
183
67
60
49
65
319
71
59
50
135
62
71
49
69
109
42
52
98
84
94
82
358
77
63
71
94
54
56
4
39
62
102
238
198
52
53
29
326
128
64
112
82
49
52
132
100
85
86
88
28
27
90
60
66
58
66
74
98
287
373
97
310
64
260
25
240
40
76
82
389
77
89
39
68
46
55
60
26
64
78
48
351
62
83
273
364
55
54
43
62
63
78
293
55
43
80
36
104
123
143
304
183
56
80
14
230
70
31
38
311
75
125
92
91
24
49
56
49
172
157
169
81
45
59
50
56
93
55
35
37
60
46
30
46
421
42
69
28
58
352
66
26
270
127
72
7
66
46
250
42
63
69
53
60
120
107
73
221
75
119
32
118
61
182
46
34
96
251
69
64
32
306
73
86
62
85
63
71
50
84
81
57
91
134
74
45
37
38
71
75
51
87
38
87
73
85
64
35
264
60
285
72
323
79
122
89
54
35
66
41
86
93
336
234
69
35
322
25
36
13
78
96
47
32
84
95
32
345
58
52
78
52
101
57
31
47
52
63
53
68
80
14
78
25
33
67
68
76
40
85
49
44
338
269
64
111
317
70
58
99
92
83
92
353
85
24
86
61
63
76
197
96
58
54
93
95
325
184
52
98
72
50
55
59
96
39
52
65
39
45
44
99
158
20
169
53
88
40
34
117
4
110
32
216
70
58
92
39
110
75
105
83
32
102
69
43
93
88
75
24
87
72
65
50
86
78
76
66
34
26
56
318
68
288
104
86
79
325
63
33
49
69
56
44
58
102
326
312
208
97
107
151
39
164
60
52
38
235
24
57
40
77
27
60
341
99
66
54
143
83
103
101
97
107
42
57
27
89
67
25
46
205
53
39
101
67
327
318
81
97
288
31
32
144
30
60
84
73
67
65
62
80
34
64
42
78
59
73
71
103
80
75
124
72
91
102
91
17
46
45
99
300
47
33
86
65
166
51
80
27
75
122
53
57
17
90
119
83
141
77
72
47
69
366
28
64
288
109
45
63
41
23
113
274
63
238
88
250
42
98
79
97
53
98
77
97
180
96
126
57
12
158
134
110
39
81
100
198
94
359
83
304
126
72
50
28
101
70
298
118
34
173
26
40
73
86
65
56
132
73
83
191
28
341
135
374
39
76
69
92
302
72
22
71
87
62
90
85
187
97
71
35
66
195
93
74
38
70
96
54
75
99
61
375
77
51
64
42
287
37
72
62
63
304
17
59
168
104
350
72
111
74
49
53
75
48
99
29
62
107
7
50
109
19
44
42
40
69
42
83
87
98
41
73
234
39
62
103
27
88
35
56
79
41
309
326
68
85
14
61
82
122
64
33
78
254
37
85
74
37
91
87
50
136
62
69
76
106
29
244
269
67
78
47
44
31
59
46
8
93
95
358
112
287
363
108
16
101
122
18
85
67
34
90
60
291
143
50
274
88
104
80
54
58
70
68
347
63
93
51
45
278
48
72
105
38
80
258
41
22
333
49
265
269
227
317
81
66
79
358
86
107
25
63
62
202
78
72
71
89
93
38
313
59
45
79
57
78
76
67
45
93
51
57
282
20
172
64
50
89
124
10
227
312
81
45
77
163
52
312
316
49
296
278
70
28
47
18
42
76
47
34
59
134
57
72
23
60
196
46
38
253
45
104
45
107
298
297
29
60
34
78
74
297
34
128
85
34
87
27
86
48
79
262
36
96
61
78
271
249
273
63
65
40
49
54
97
143
55
85
29
59
51
29
11
86
166
314
116
52
324
42
32
73
56
237
352
88
24
113
42
104
102
339
87
326
73
278
254
295
107
21
23
32
94
111
53
70
196
323
54
68
41
220
20
61
83
365
58
88
69
63
36
19
339
56
30
11
296
234
114
243
104
216
41
172
27
322
64
58
62
115
286
340
43
57
97
283
59
243
128
48
48
80
66
46
43
78
62
32
70
56
72
37
285
37
284
45
325
66
144
273
22
99
325
45
57
303
64
68
68
320
141
13
67
302
120
90
80
25
123
265
299
173
101
71
348
62
37
50
96
41
378
49
86
56
66
71
145
51
50
312
119
99
312
118
118
28
82
295
47
112
93
56
69
82
52
32
30
60
47
7
71
28
79
159
81
68
92
86
91
249
224
133
49
90
12
115
43
64
122
280
79
98
107
59
46
69
51
56
262
56
162
41
30
66
75
86
42
198
56
68
37
259
84
210
311
65
34
83
349
102
81
37
42
296
93
53
43
69
100
65
66
81
46
84
90
47
59
95
56
60
53
83
20
28
84
297
332
76
40
76
78
105
15
9
83
31
58
253
100
72
96
79
70
165
106
87
52
294
56
236
68
126
68
17
316
50
21
57
164
286
70
301
90
9
47
61
76
101
91
112
94
81
53
109
158
58
22
54
12
85
261
209
54
109
118
87
91
59
36
70
64
73
269
96
99
93
333
64
41
17
97
69
65
61
57
49
35
86
90
106
62
38
268
87
66
49
86
55
82
0
71
58
18
66
43
41
173
80
280
44
29
56
368
94
31
93
91
70
198
289
32
56
89
114
92
25
80
83
3
94
37
380
60
89
48
62
50
90
438
341
92
57
74
36
45
96
81
129
55
43
4
78
261
302
35
97
111
74
67
58
98
295
30
12
82
60
22
58
77
85
100
35
11
25
6
72
76
110
75
40
35
323
66
52
61
72
371
89
343
53
39
100
30
51
70
277
93
42
75
24
86
247
70
331
158
53
92
74
36
100
41
85
5
66
98
46
50
37
90
42
110
82
191
63
184
44
38
45
13
79
86
53
299
57
22
70
88
62
93
112
88
68
308
66
306
91
66
320
44
107
59
329
40
40
77
68
54
41
35
70
73
362
28
58
32
41
73
63
110
70
67
5
277
48
16
26
97
247
102
129
102
92
54
52
36
53
72
57
160
33
20
63
102
284
261
46
75
203
327
259
37
94
63
36
111
394
310
64
260
80
48
57
106
32
73
119
39
107
97
101
141
233
93
43
336
179
72
124
52
51
238
83
63
15
74
45
83
60
87
36
44
50
100
11
67
48
28
36
65
29
93
125
60
71
43
91
218
87
49
60
254
288
209
267
75
260
44
48
48
328
171
81
246
63
332
15
101
98
53
25
88
290
77
80
53
72
14
141
60
88
329
247
59
67
48
50
133
30
104
63
79
74
95
51
351
67
88
40
96
29
57
74
86
67
29
85
135
292
73
358
181
99
313
87
140
232
52
74
85
65
205
50
40
132
107
87
93
324
36
34
61
187
28
55
106
310
67
333
23
23
114
88
60
75
320
274
310
40
263
46
47
40
92
261
49
56
92
187
335
38
47
48
85
32
72
362
317
73
12
14
25
324
166
126
98
74
89
84
63
55
56
100
53
44
63
292
57
80
283
171
112
44
52
35
251
77
71
94
258
298
57
217
59
155
47
38
298
230
8
52
288
314
40
73
110
39
34
62
348
28
54
62
51
74
68
234
43
256
224
99
91
32
80
35
59
75
78
69
104
78
112
123
312
93
25
76
71
325
228
288
67
35
94
70
225
340
302
257
20
34
78
75
72
360
66
100
73
73
65
50
113
320
106
52
292
53
23
73
69
83
281
205
54
394
53
45
75
84
66
353
92
33
73
74
16
335
82
70
16
40
66
63
29
67
102
51
38
53
22
259
125
78
63
68
36
212
48
320
212
76
28
83
8
82
299
332
86
36
170
50
276
97
342
108
79
42
32
99
78
106
55
299
69
34
25
136
281
77
63
67
45
89
98
55
76
81
149
56
106
104
319
42
43
369
87
43
88
103
295
408
106
59
56
25
60
339
28
45
269
258
43
74
103
115
24
120
325
244
40
55
101
178
52
270
333
43
63
49
121
74
75
70
266
350
21
159
96
25
139
136
45
115
48
50
311
122
132
294
19
240
31
52
97
53
121
75
34
320
97
37
31
237
92
24
115
65
2
160
49
39
89
100
73
49
8
14
63
60
58
14
56
14
65
97
68
2
103
95
37
86
67
329
83
81
65
19
66
71
31
116
58
84
331
274
156
43
81
302
39
92
104
33
74
26
46
86
211
92
41
48
236
15
95
70
66
54
46
50
88
288
146
63
104
360
66
315
151
81
24
62
83
47
41
36
45
303
96
84
61
114
41
111
55
58
64
82
121
37
38
71
99
76
48
121
68
52
62
58
79
25
69
70
48
42
76
24
106
94
84
52
81
93
52
50
103
83
62
308
352
89
68
54
108
76
362
56
85
341
89
263
76
49
68
58
110
51
62
104
42
96
51
87
51
38
114
80
86
24
73
57
315
85
45
83
53
41
49
74
106
125
37
80
66
123
263
8
107
245
56
255
31
31
49
112
45
52
59
34
107
333
106
103
47
370
359
180
39
42
244
65
64
117
73
80
82
78
131
45
307
70
310
19
374
49
293
56
81
33
78
49
268
45
52
65
24
304
60
49
320
105
67
51
24
82
95
54
43
80
41
38
52
30
264
331
93
67
331
188
68
65
50
50
90
57
183
76
286
77
45
95
41
97
260
85
50
67
37
81
142
52
40
269
48
81
61
115
111
365
58
44
46
75
79
83
235
108
78
56
33
49
136
40
72
252
70
65
84
60
55
45
330
42
51
78
181
54
55
42
40
81
101
97
95
29
79
89
71
77
94
45
286
76
40
289
32
35
134
249
448
70
68
121
62
315
40
318
257
146
331
134
48
60
118
94
39
115
9
62
84
181
360
51
277
76
44
307
48
383
90
46
7
58
321
65
52
47
20
69
34
91
229
44
68
38
34
65
29
53
100
189
34
189
101
54
106
18
82
85
77
57
92
313
84
16
74
90
98
177
27
54
78
28
-3
61
194
137
69
41
35
161
116
389
89
75
33
33
310
37
305
59
168
37
93
21
73
89
31
30
104
63
46
35
223
323
62
183
25
93
21
41
320
45
61
55
50
13
71
56
341
230
41
401
71
69
114
45
73
86
37
62
64
112
194
110
83
34
73
117
302
38
87
52
71
68
65
99
70
177
74
137
179
266
42
98
36
31
116
70
77
459
82
305
261
24
94
57
63
128
102
40
91
401
92
24
35
350
251
298
78
95
91
58
34
131
18
286
53
53
281
300
99
313
105
24
235
59
47
58
53
93
62
55
17
94
57
69
137
242
47
51
30
158
345
31
73
56
39
355
91
202
28
72
96
84
84
80
309
67
139
88
30
73
182
88
74
59
89
72
53
45
276
98
21
327
53
138
390
43
95
53
121
94
41
59
75
295
74
60
291
67
83
69
37
334
48
14
264
106
32
39
50
17
96
145
52
83
41
64
33
127
63
52
60
79
83
91
82
27
262
58
55
32
12
51
325
48
78
50
103
77
302
83
304
349
15
71
61
45
11
56
78
192
34
87
42
302
90
78
51
96
85
101
87
85
161
49
29
86
52
42
53
34
115
42
71
36
285
53
50
56
71
21
75
35
218
242
4
79
46
89
42
303
76
243
17
216
43
60
86
78
24
63
37
50
25
84
79
9
74
17
100
19
92
299
98
48
77
103
62
15
52
47
31
51
87
27
281
64
93
49
322
62
50
101
339
67
129
91
35
21
71
86
80
64
67
21
39
77
29
333
136
77
68
305
94
100
94
91
21
15
22
70
41
73
62
46
48
90
60
113
77
59
107
61
63
104
321
200
82
67
117
100
123
81
73
58
49
43
89
67
89
283
47
57
72
63
46
69
73
36
36
72
54
58
102
92
107
31
32
64
60
71
77
103
29
62
63
66
39
39
97
63
357
30
333
121
58
35
97
344
19
69
48
79
116
71
71
129
77
59
85
34
48
38
50
86
87
63
224
134
51
137
52
66
98
120
72
66
57
14
350
278
34
128
32
77
89
60
61
73
98
102
47
66
28
272
40
35
53
26
79
285
26
58
72
360
72
58
81
240
333
44
80
37
78
107
202
39
43
40
258
31
64
26
82
102
24
118
18
363
56
73
103
109
137
44
88
76
51
60
72
67
74
138
35
82
81
313
72
77
342
41
69
182
21
41
-2
45
53
19
22
96
40
300
114
333
168
33
48
69
88
27
25
60
78
80
125
108
60
367
80
65
317
67
270
29
59
113
77
77
342
65
289
356
213
63
88
20
61
68
35
91
34
57
256
43
73
275
60
92
36
268
92
122
204
69
101
64
87
37
20
277
66
49
54
47
13
30
23
251
110
43
68
390
59
54
34
72
56
38
94
59
84
54
37
88
117
148
60
51
311
61
30
303
20
42
46
85
21
30
75
167
85
67
58
42
21
104
353
324
57
100
92
178
342
103
106
91
68
5
62
264
62
56
85
74
106
64
92
100
54
64
63
70
106
57
54
76
144
50
56
57
75
88
76
51
83
58
36
65
29
51
333
108
326
28
41
8
78
81
42
36
102
79
38
31
82
279
51
83
67
417
0
102
398
23
20
46
77
100
64
19
64
73
72
58
64
60
255
97
81
57
76
44
76
368
52
146
44
97
89
65
345
362
353
84
59
20
42
87
83
244
58
88
30
62
130
352
114
214
43
46
60
44
31
102
343
65
88
82
77
46
63
25
81
74
126
64
102
90
104
4
88
32
110
81
55
85
97
54
172
313
87
64
63
126
48
48
107
40
290
114
67
63
33
306
76
92
79
58
39
42
95
72
40
198
47
124
36
46
395
68
127
59
30
98
40
98
62
297
324
43
371
16
58
63
91
105
87
42
30
103
82
7
89
93
344
74
61
351
39
141
48
33
23
46
60
52
48
28
69
49
41
85
120
341
59
64
23
91
64
35
75
263
75
47
270
100
89
386
65
26
101
76
-1
141
70
79
59
307
44
41
177
332
229
58
114
411
64
328
106
93
56
62
73
72
85
106
24
101
42
105
53
83
95
44
78
127
57
136
46
78
41
31
51
59
103
54
37
101
87
60
58
16
45
49
75
81
51
32
74
26
68
301
86
68
29
37
58
124
23
86
180
68
87
323
29
42
108
80
56
21
81
31
80
60
61
48
31
416
107
81
71
58
90
57
89
401
73
102
48
80
87
92
44
74
92
5
336
34
82
42
90
64
33
99
43
31
56
71
95
12
34
42
61
377
55
58
87
114
66
287
66
107
89
121
31
66
366
68
98
93
99
21
279
46
30
70
33
80
102
93
23
61
79
461
59
61
40
102
79
56
76
374
39
80
30
80
344
255
58
86
76
41
34
147
184
298
87
30
71
28
34
87
90
349
54
37
27
35
287
71
22
91
73
58
90
43
69
94
71
54
136
44
85
62
49
88
64
40
54
300
105
59
52
75
79
120
8
83
73
114
106
90
83
83
41
13
118
319
73
76
32
54
57
64
30
68
81
54
69
66
405
51
421
338
219
36
36
44
213
91
24
100
59
36
368
72
38
73
69
39
35
28
91
62
126
64
73
45
354
69
49
132
92
93
63
78
75
82
49
96
113
91
36
113
20
28
16
75
156
39
60
63
111
89
99
344
60
55
93
95
60
61
14
69
70
98
75
67
181
86
80
102
48
94
62
37
31
39
37
88
84
65
80
345
52
30
50
47
29
19
62
77
110
57
62
41
117
71
120
36
107
9
276
74
120
127
85
365
42
228
48
27
63
60
57
94
63
330
266
63
69
81
89
86
363
317
9
44
73
38
57
42
73
68
337
71
73
45
79
91
62
68
59
28
387
329
34
38
13
352
31
67
25
52
153
71
77
93
102
81
84
57
31
17
95
42
72
14
84
43
62
52
110
16
80
396
84
18
100
28
37
67
116
48
34
49
60
82
36
57
76
62
420
112
36
60
57
37
110
308
62
74
79
83
53
66
21
86
78
8
39
29
114
60
20
96
40
61
47
47
95
77
41
358
68
122
54
57
31
385
108
66
25
73
80
66
27
107
189
89
125
29
74
169
68
97
95
72
28
39
293
41
69
115
26
51
263
136
11
61
47
342
68
333
43
68
16
327
53
35
255
24
326
42
61
35
63
58
95
84
76
60
104
65
61
65
84
77
53
66
41
55
23
99
72
74
59
31
38
54
45
83
52
74
88
80
119
86
291
25
67
49
70
104
136
100
77
52
79
64
19
316
59
35
60
65
28
60
41
73
66
67
31
106
59
190
429
104
53
94
89
68
63
47
56
79
100
309
18
463
112
196
60
66
71
73
70
55
59
43
133
86
56
97
60
65
75
47
98
66
21
15
379
82
124
83
82
102
47
74
99
48
97
64
102
73
40
52
212
37
71
61
29
115
291
67
67
44
89
51
51
60
95
92
123
58
60
38
65
45
462
354
71
49
42
81
271
28
73
189
38
112
453
117
29
41
74
61
102
104
86
81
20
52
146
323
55
99
19
97
110
65
93
69
310
75
58
57
47
30
67
82
407
23
49
326
88
39
145
14
21
64
97
99
55
142
71
190
69
31
71
113
70
5
51
38
32
454
111
49
125
28
400
92
30
89
43
35
94
19
47
53
21
13
62
28
112
43
9
90
70
71
75
106
86
59
349
103
45
132
76
41
96
50
119
25
77
78
106
99
59
87
104
83
52
45
48
59
98
110
19
65
-7
41
95
33
83
271
12
60
68
63
52
34
46
105
79
57
58
45
48
55
50
57
54
54
110
90
36
40
79
92
53
59
102
73
28
116
48
75
95
54
116
89
39
150
37
73
34
90
294
75
135
74
250
122
76
72
92
136
39
46
80
71
84
104
69
105
48
80
33
13
31
80
57
57
60
76
64
31
73
64
91
28
24
101
93
6
36
35
45
31
77
55
21
115
15
18
50
90
6
40
449
74
77
106
131
38
113
114
106
64
45
17
41
86
48
51
20
32
58
66
87
76
59
39
92
47
49
48
78
108
436
73
39
70
108
94
106
77
60
27
94
61
42
48
337
50
71
54
44
77
56
65
54
109
67
126
65
52
2
26
70
78
69
119
53
44
79
108
89
62
83
33
38
101
59
61
37
21
84
93
122
97
43
74
53
30
53
92
50
55
50
62
69
21
65
82
114
81
48
-2
59
42
5
60
98
85
64
21
20
76
50
62
83
54
37
43
44
40
85
27
40
33
83
41
86
126
28
72
60
12
328
86
90
98
63
376
54
34
61
58
62
53
56
49
129
92
82
56
71
18
27
59
50
78
126
54
53
49
60
90
69
59
380
17
360
84
67
51
23
73
50
34
41
35
80
65
78
86
110
66
25
62
363
69
53
32
63
60
43
88
40
90
64
22
40
18
114
103
57
390
53
332
79
49
366
100
40
87
103
153
16
125
77
62
7
135
79
68
83
67
78
50
42
69
76
68
69
303
35
96
58
100
44
179
73
82
53
62
57
50
91
-3
91
52
47
105
76
70
67
16
63
51
82
113
25
68
63
76
56
45
65
51
59
58
332
31
43
63
74
374
80
57
64
71
44
50
45
78
67
48
105
72
72
248
66
20
87
92
16
224
69
70
285
66
56
76
133
58
114
92
133
25
52
98
49
55
274
154
65
26
12
38
380
28
103
57
90
91
57
104
11
49
60
51
62
38
83
38
74
79
32
28
63
85
66
96
72
394
115
68
274
94
55
76
62
85
80
84
62
63
381
74
61
35
21
19
1
99
46
89
34
171
61
62
82
68
69
59
58
105
11
41
5
25
73
154
31
63
117
61
73
88
51
95
86
78
47
79
79
78
90
36
59
62
41
78
417
69
27
59
51
53
60
69
324
45
64
368
76
39
42
77
54
112
43
19
45
133
128
48
31
26
67
60
126
46
56
43
41
20
336
27
85
97
342
42
42
86
72
69
77
44
61
59
27
187
44
59
50
67
33
49
42
365
34
403
358
97
32
68
59
42
52
85
42
40
165
66
84
64
67
41
67
113
96
117
36
83
76
79
76
11
57
332
89
36
79
113
73
39
47
51
108
66
102
57
70
69
63
55
83
30
364
60
93
47
65
204
330
322
43
36
104
271
25
316
47
45
97
19
99
25
54
85
80
43
45
119
53
12
111
66
177
68
140
84
19
96
52
73
18
58
349
54
28
71
63
80
104
83
41
50
7
28
81
64
64
358
54
92
98
64
47
29
45
106
106
207
191
26
33
52
58
31
30
51
123
99
38
47
15
25
7
36
48
23
74
51
81
32
28
73
60
91
81
56
33
101
55
93
128
92
85
400
136
48
81
132
43
75
235
91
50
71
13
32
90
99
59
83
15
56
50
19
52
9
42
69
41
53
70
55
61
72
46
85
29
92
77
55
185
36
71
172
38
82
67
68
4
66
69
111
64
90
93
76
72
258
141
132
65
39
75
85
112
59
34
316
386
6
32
57
43
63
89
43
49
68
71
400
12
58
70
48
423
87
64
66
35
64
348
80
95
83
54
84
59
21
69
46
21
22
103
46
30
95
83
72
44
52
49
29
50
38
151
117
96
343
330
298
79
17
37
55
124
86
94
51
17
78
108
75
56
99
183
71
12
104
436
39
93
6
39
27
56
33
43
124
65
219
58
67
96
46
145
69
70
49
68
125
27
62
44
122
240
55
33
77
85
53
16
103
65
106
36
79
65
30
62
75
56
76
72
39
114
64
53
27
39
375
121
43
50
78
89
312
67
52
56
82
109
44
56
95
53
10
113
37
58
45
57
52
50
74
46
56
56
58
19
82
49
282
80
84
57
48
44
121
11
54
66
37
4
49
79
46
58
109
33
53
83
71
71
50
62
35
118
26
84
82
47
36
112
24
80
86
52
50
51
88
34
35
52
49
6
108
71
3
45
24
60
37
63
337
44
101
62
73
85
68
76
287
54
396
71
406
102
42
77
48
64
63
80
55
297
70
98
29
56
36
62
72
40
37
40
311
56
54
24
15
51
112
55
30
71
100
328
9
59
110
24
45
54
344
45
52
13
72
263
101
59
72
36
46
71
39
50
63
39
23
87
278
108
53
26
26
42
151
13
33
76
55
53
51
61
44
82
219
45
72
80
96
62
92
32
226
69
92
194
77
66
26
61
27
59
325
382
88
79
73
38
63
60
86
69
61
55
38
48
37
72
78
6
87
90
31
59
88
87
66
90
392
47
104
134
8
79
44
33
60
42
152
107
42
20
20
101
26
80
70
364
143
106
71
67
12
60
64
28
104
114
12
87
312
35
83
147
13
37
16
81
101
86
16
243
66
27
53
21
54
85
64
207
354
77
82
51
51
20
62
81
73
47
72
26
57
41
52
326
28
84
91
92
71
51
96
56
52
76
80
63
97
31
81
88
38
49
380
53
92
341
40
64
79
29
39
92
59
91
61
75
71
48
68
328
44
56
72
73
37
110
249
167
19
32
97
58
66
72
56
101
44
138
74
64
210
60
62
53
298
45
39
302
51
29
89
69
126
79
64
139
48
112
58
37
82
355
36
62
37
391
75
63
86
43
67
52
49
62
52
38
49
62
85
72
96
68
13
50
75
56
15
52
37
41
50
38
27
84
59
368
326
100
71
33
391
389
99
72
103
44
109
35
63
20
66
46
464
130
67
60
46
89
265
71
160
115
90
95
48
52
337
64
103
40
85
430
14
112
80
65
82
11
45
101
75
67
15
382
90
399
79
73
44
18
75
39
37
55
54
87
59
103
269
69
44
16
83
59
20
251
116
83
67
53
71
46
56
86
65
36
87
78
162
354
35
111
58
337
64
64
44
89
353
317
113
44
83
102
13
27
77
388
60
98
36
23
356
44
63
121
130
413
73
76
113
41
203
36
36
61
265
126
24
86
81
303
136
76
84
42
76
55
107
66
20
20
33
106
78
29
38
69
87
68
84
70
148
46
85
49
82
55
27
125
94
33
101
61
69
122
61
184
99
45
58
363
60
92
93
38
111
56
27
16
69
60
76
63
24
43
42
65
55
66
123
40
65
83
129
48
42
128
98
399
82
214
82
62
25
84
36
68
93
20
62
27
55
71
82
75
335
103
39
75
49
64
96
64
36
61
42
111
80
82
45
105
47
87
66
113
50
108
87
63
118
126
74
33
44
26
81
310
52
52
24
109
89
77
12
53
47
115
124
60
58
105
70
38
68
65
30
41
34
70
392
29
56
74
48
46
290
55
65
57
97
25
48
40
73
132
86
48
36
81
105
75
103
47
89
44
94
60
55
67
50
306
88
67
61
42
88
51
60
90
65
104
282
100
68
247
63
50
46
50
71
49
77
38
30
55
50
73
114
33
71
72
94
28
38
356
44
97
256
116
96
33
87
70
78
56
280
43
66
114
91
86
34
59
32
48
63
28
86
101
105
89
34
111
65
63
41
81
100
70
30
2
301
112
79
51
231
45
82
-2
16
125
75
83
48
74
72
29
33
34
61
61
383
72
46
59
18
67
73
25
85
108
76
79
63
72
144
94
53
89
77
348
30
14
282
314
29
77
52
36
42
40
45
120
128
91
84
32
63
15
66
114
35
42
24
53
32
70
285
47
92
106
108
47
105
398
77
84
10
58
156
50
81
4
89
41
88
97
72
83
39
76
76
46
65
41
37
64
53
88
332
97
38
80
92
49
419
71
211
64
72
49
74
96
11
211
19
51
79
29
59
11
86
66
77
103
378
77
85
55
41
102
62
70
29
52
22
51
82
45
49
59
77
92
100
46
66
25
82
4
106
49
60
92
363
156
72
57
61
52
77
85
105
92
54
48
109
71
66
23
73
56
11
19
49
83
23
79
56
104
50
41
29
101
386
61
102
146
491
75
22
63
25
158
31
91
34
87
18
76
55
63
15
74
58
106
30
39
21
73
65
58
61
25
103
280
64
84
83
51
84
85
41
136
52
22
56
69
37
93
73
70
51
62
26
66
97
47
64
68
95
283
14
50
45
31
366
19
39
16
367
100
133
89
83
80
83
417
41
61
58
59
14
41
73
23
45
45
85
358
80
98
108
67
18
45
57
191
12
148
81
50
90
34
147
47
78
63
131
85
34
393
45
41
56
18
262
83
95
69
104
82
67
41
73
42
39
66
44
56
40
109
46
27
124
60
50
79
364
51
78
110
45
41
41
60
47
350
36
90
51
12
497
393
354
59
-10
91
95
65
41
41
4
57
40
23
35
49
280
40
58
67
53
111
33
98
84
82
89
71
27
50
55
88
43
131
93
350
23
99
374
74
110
80
300
89
88
60
129
87
77
139
68
32
110
123
66
52
69
103
20
25
63
92
59
42
56
41
384
48
84
90
74
46
49
89
87
66
56
68
54
45
80
72
127
108
79
341
64
45
349
341
87
331
45
46
41
9
67
55
40
43
67
11
67
31
69
57
59
54
-9
54
38
85
36
66
309
69
79
82
56
98
53
64
64
54
85
63
61
82
61
31
96
53
71
58
294
97
259
40
56
57
28
108
67
142
70
217
64
33
3
55
61
110
78
82
-4
32
36
63
80
92
43
1
82
88
80
64
51
177
85
24
72
84
62
86
20
44
59
319
57
76
38
136
48
84
81
382
85
43
59
30
63
61
64
388
50
50
84
57
76
70
40
67
34
89
124
35
83
78
51
57
76
75
65
197
50
88
90
79
75
316
77
67
73
37
62
18
45
303
58
166
127
88
61
106
78
135
59
63
51
106
35
61
95
28
28
132
69
42
51
52
98
53
76
70
51
78
47
89
28
89
74
60
100
83
49
427
89
57
46
19
43
134
40
68
101
72
71
97
58
127
60
65
98
339
116
27
48
60
98
60
51
67
68
73
200
54
94
120
290
34
57
55
23
60
41
85
47
59
62
54
65
389
178
320
17
66
29
92
84
37
41
35
103
55
106
65
36
62
171
310
80
62
35
78
36
118
45
82
77
382
31
56
55
20
59
41
93
19
105
52
28
62
60
58
375
36
65
306
60
61
72
28
63
74
54
56
27
44
94
31
20
95
115
132
177
47
96
72
51
408
60
46
55
390
50
22
74
370
123
38
289
100
22
104
348
175
264
43
67
29
54
99
26
40
368
56
64
31
52
28
67
68
83
58
72
41
42
113
30
409
26
86
71
93
57
53
117
48
61
61
189
303
88
50
73
142
64
80
69
47
47
58
41
95
212
52
73
68
98
225
134
66
38
40
78
78
19
32
58
43
282
114
107
88
86
80
31
89
266
68
77
92
90
65
80
346
111
94
77
65
44
105
59
350
310
112
85
48
64
66
382
80
98
62
90
66
67
291
26
48
163
87
49
175
62
42
96
16
57
85
65
39
40
10
46
65
33
105
53
54
39
48
65
106
67
50
73
27
34
65
41
56
188
314
60
58
109
64
50
260
33
83
52
82
88
110
69
17
38
38
217
42
376
358
97
72
41
102
138
39
100
34
156
41
131
84
100
40
84
414
105
72
334
76
54
55
77
50
81
60
73
46
61
424
12
82
56
126
73
34
47
54
45
81
53
25
34
81
44
50
48
81
45
79
360
100
65
71
15
57
134
30
27
94
33
88
69
356
94
115
217
40
60
69
102
82
271
56
44
118
60
27
386
109
68
68
72
97
42
281
85
122
300
30
342
24
63
107
23
62
425
87
64
53
88
82
77
82
25
58
37
31
81
14
36
56
39
32
31
52
95
47
102
98
95
58
49
90
59
58
50
41
65
236
105
51
66
117
115
76
57
41
227
45
68
41
46
49
90
42
125
148
15
98
75
51
49
50
11
44
74
143
317
2
23
94
99
31
53
91
125
31
30
93
415
64
63
66
98
68
86
47
360
59
340
82
28
44
137
129
55
21
68
85
85
62
43
45
43
82
90
24
40
41
65
72
39
16
149
285
35
74
104
55
195
44
36
369
37
16
41
65
34
68
84
91
68
236
104
97
137
70
71
95
111
46
75
171
79
49
241
51
104
95
76
100
35
55
112
49
26
86
76
84
53
140
57
127
40
87
35
91
332
44
22
100
70
68
59
18
32
67
79
60
60
34
77
332
54
96
123
326
383
274
123
56
39
48
32
37
130
71
64
78
255
52
83
71
23
400
115
30
87
112
128
93
58
57
75
293
329
345
133
20
43
361
41
102
264
88
80
203
39
107
67
42
62
33
92
84
75
23
23
66
384
350
46
124
51
102
76
368
132
37
26
49
84
29
47
64
325
26
55
83
51
117
66
64
38
75
127
77
80
59
59
67
35
47
127
83
84
60
70
24
12
114
43
114
67
118
103
65
113
86
53
102
98
57
61
62
35
80
28
67
338
54
90
27
86
69
69
183
40
257
56
52
60
165
47
174
92
46
32
52
66
101
25
58
87
81
83
108
55
45
30
26
28
40
85
50
42
50
75
45
76
81
71
335
57
17
75
116
59
54
71
35
68
82
102
188
24
85
102
46
66
42
47
307
33
27
39
68
37
68
76
238
34
28
265
26
81
56
92
83
84
31
133
45
51
214
67
54
189
4
4
303
67
297
58
77
31
40
105
47
83
34
62
108
328
60
23
31
34
37
69
51
32
131
75
50
72
60
48
155
51
31
320
63
84
81
29
55
59
39
108
91
116
121
430
64
96
71
120
-1
36
104
63
362
78
70
91
89
112
56
79
79
53
77
89
58
297
36
92
59
349
65
85
385
39
331
58
68
80
87
94
64
323
51
83
46
47
55
58
31
84
17
52
55
72
51
133
88
59
58
10
96
168
79
319
30
87
41
76
49
50
28
55
55
58
68
94
37
71
70
44
113
60
55
96
174
91
91
70
49
-7
261
83
56
78
89
57
67
58
60
83
56
104
85
63
25
41
25
87
60
49
108
344
113
55
153
89
56
345
40
75
125
95
53
82
26
56
87
64
47
331
55
48
31
93
59
61
246
310
64
404
102
41
52
46
29
95
141
46
21
5
65
99
45
60
60
51
90
78
111
52
69
305
110
83
112
58
49
337
41
256
27
69
29
74
279
54
30
226
42
57
296
201
34
289
214
78
78
60
35
67
78
51
91
51
311
249
130
98
40
232
75
63
56
78
178
34
59
36
58
196
48
71
70
319
65
37
47
249
92
39
64
67
61
32
46
61
65
61
64
45
274
70
79
79
74
44
370
51
119
85
94
24
62
61
212
48
288
271
273
198
320
58
77
343
68
33
20
76
94
118
328
57
325
53
20
81
50
48
60
32
42
59
54
91
290
318
218
281
23
136
63
82
324
272
78
81
82
33
67
130
49
49
66
96
247
73
34
334
58
0
89
136
79
80
155
52
68
85
98
198
37
42
36
60
78
293
335
74
66
27
83
312
57
90
99
24
137
63
63
100
70
54
36
59
53
91
61
231
66
100
54
19
162
72
61
50
49
280
61
94
73
56
70
81
23
59
100
339
255
25
44
13
34
101
32
50
58
65
82
26
331
329
51
57
125
90
198
23
317
89
115
318
79
46
86
84
50
21
72
48
11
73
44
49
10
88
93
29
114
60
79
346
294
51
66
89
240
80
67
22
189
39
82
66
49
93
81
333
29
61
101
228
360
60
73
47
79
307
87
98
56
62
55
79
59
68
56
66
38
64
87
87
91
58
128
89
87
96
40
121
113
63
55
84
172
194
34
290
60
42
219
121
57
84
173
54
101
73
76
71
31
45
95
18
82
116
47
29
144
166
273
297
75
59
57
137
33
47
86
71
6
92
317
211
136
47
75
255
65
114
299
194
47
46
114
113
72
94
89
41
168
127
118
47
194
37
45
256
64
61
46
273
263
267
355
325
158
54
73
45
104
333
59
334
91
234
287
299
64
267
231
368
327
60
74
39
95
68
29
118
228
254
65
87
267
337
95
55
319
63
31
94
298
65
339
60
74
288
76
56
298
217
96
53
55
90
55
43
65
80
342
122
53
77
61
36
107
58
348
75
272
292
58
221
119
350
20
61
40
52
111
187
41
61
26
289
305
46
156
329
50
311
266
48
83
298
98
36
378
88
48
303
318
135
97
133
46
55
48
44
52
18
338
356
25
192
55
67
71
74
279
71
84
356
49
85
132
73
330
58
65
142
44
347
79
261
13
79
45
146
294
230
41
155
290
102
295
239
56
100
75
70
297
81
243
32
65
45
85
52
242
279
217
58
142
21
328
76
70
104
84
61
264
114
89
63
49
145
104
286
84
87
51
28
39
279
258
72
297
272
70
188
195
89
78
60
46
63
69
65
22
38
275
31
259
108
56
279
33
62
100
84
264
310
169
50
26
299
43
104
223
284
198
289
165
306
254
74
26
284
59
312
355
59
65
28
72
38
285
173
237
31
212
128
143
39
169
77
53
61
319
274
41
46
304
325
281
89
40
3
24
54
463
11
60
106
74
63
289
71
121
64
47
52
218
147
75
80
268
64
240
104
304
260
251
244
231
60
105
29
211
53
177
96
129
195
88
42
219
35
45
31
73
71
75
300
185
62
79
121
202
61
86
181
54
65
62
225
307
197
249
108
242
95
67
144
54
173
-2
52
47
10
165
285
57
76
180
42
304
97
48
59
141
88
32
25
302
82
327
257
53
127
76
138
113
322
57
40
52
111
79
82
119
29
317
25
74
92
55
55
86
47
264
45
166
44
200
78
241
69
201
59
268
58
220
63
38
86
56
255
81
102
254
172
48
23
81
166
82
218
281
75
251
45
48
32
265
24
289
291
266
70
342
251
50
272
78
44
211
64
50
79
90
163
95
54
289
255
288
99
247
200
208
51
179
221
45
78
350
70
68
304
63
43
159
65
31
167
282
26
227
29
59
47
269
248
55
73
54
304
35
149
287
65
258
180
106
267
19
32
50
67
215
75
44
80
69
62
257
126
61
68
260
19
281
129
258
42
56
145
299
92
161
233
96
72
224
85
41
293
169
103
274
81
76
115
122
51
290
57
115
239
43
202
123
298
54
47
68
41
189
239
86
105
332
81
74
158
297
96
84
34
85
71
47
243
136
41
105
233
62
89
271
58
23
83
239
282
78
138
21
29
51
99
144
230
226
39
157
26
90
61
54
42
67
158
56
236
40
63
117
86
54
92
321
26
83
28
226
142
282
50
49
162
85
69
272
36
66
109
70
48
72
46
81
81
289
31
125
55
36
157
243
71
239
55
41
41
98
66
189
215
285
82
127
306
71
64
112
288
83
152
48
50
137
44
51
278
46
207
59
307
219
86
98
262
268
36
140
203
39
45
189
219
89
51
216
137
56
70
147
71
166
111
64
106
218
95
236
281
55
213
19
41
235
199
68
197
235
58
35
45
264
120
64
173
267
49
109
77
121
271
212
71
50
34
80
43
92
211
118
216
237
321
45
148
341
50
82
59
86
37
306
154
101
40
32
314
4
59
191
113
274
265
144
43
56
210
62
241
257
259
209
255
267
75
115
34
123
265
300
130
34
44
57
46
291
43
257
278
88
59
137
209
24
136
32
50
165
37
62
103
150
91
120
137
167
54
53
73
68
243
194
69
169
139
50
99
219
102
98
36
49
155
105
107
227
72
74
243
45
70
27
88
63
123
277
65
105
115
41
39
52
172
276
207
67
242
93
84
41
263
91
60
105
276
63
164
65
321
7
231
260
148
218
316
43
242
38
100
257
78
33
267
92
193
87
90
40
92
247
232
60
140
44
24
70
186
236
277
69
42
79
70
197
308
78
160
125
52
118
99
153
53
33
252
62
297
54
339
48
58
230
64
85
301
79
73
84
64
151
135
57
275
268
8
81
242
73
327
49
274
210
33
45
71
111
187
78
49
31
140
237
83
202
115
277
90
103
87
243
237
27
55
75
48
291
137
45
183
28
2
83
59
70
27
84
108
14
78
230
56
156
47
162
320
96
27
29
119
49
236
72
66
188
23
235
245
29
20
281
93
282
100
48
43
336
70
325
181
69
77
88
226
91
227
16
47
69
34
239
42
120
262
20
33
317
142
168
55
251
193
75
240
86
51
230
222
35
170
45
47
65
305
169
205
74
245
32
47
156
49
264
52
266
57
97
26
57
161
51
223
35
37
63
76
53
83
65
229
61
91
270
229
162
81
284
292
59
39
269
66
245
109
70
293
95
51
59
35
31
85
196
156
138
54
39
52
242
42
61
91
63
221
39
289
127
104
174
158
65
36
324
221
65
99
273
83
193
85
60
238
76
246
112
35
208
242
40
69
49
251
269
143
65
65
63
204
46
48
40
103
60
59
116
92
258
172
62
220
80
61
59
295
101
202
312
278
54
222
135
82
211
63
85
268
84
38
282
25
68
60
45
251
89
42
61
22
256
300
259
113
114
94
96
84
57
264
281
56
25
228
69
78
236
88
68
43
65
32
57
62
69
31
144
78
61
187
58
76
82
93
24
189
225
74
26
98
59
38
221
191
-1
186
64
63
70
291
283
63
71
44
89
41
116
103
67
74
112
54
279
41
333
115
87
117
15
359
224
25
90
139
84
17
19
74
23
217
52
317
100
61
91
91
288
78
100
31
55
237
92
294
86
266
87
77
102
398
81
203
79
239
25
120
59
59
269
235
37
277
219
280
35
68
82
96
347
67
260
93
205
39
194
66
207
292
40
134
114
64
315
103
143
55
37
61
10
38
104
74
155
64
68
71
62
24
206
25
81
294
64
366
318
63
319
52
152
296
96
89
25
47
78
72
248
46
64
343
53
22
57
205
57
96
325
37
173
74
82
107
242
59
62
33
28
83
21
340
172
47
95
28
58
199
27
13
53
80
45
160
245
247
44
240
60
78
311
39
33
287
319
91
35
49
224
50
57
69
69
283
70
28
201
22
80
38
258
176
90
47
77
76
305
172
26
50
129
117
55
19
30
57
50
74
40
61
160
46
83
165
296
57
64
269
22
95
87
118
279
102
81
353
74
113
155
329
42
84
171
49
83
18
32
102
60
132
55
32
44
102
194
36
267
95
95
39
37
40
45
350
64
288
81
272
207
100
60
26
255
237
120
293
115
55
243
318
108
271
95
57
85
134
76
64
96
81
71
299
53
301
79
68
75
272
148
55
59
30
67
52
87
328
7
72
264
43
59
66
51
25
114
190
89
316
57
13
52
55
72
115
270
304
71
55
62
93
14
93
71
279
389
85
61
18
180
53
27
63
32
13
73
73
28
89
73
317
78
51
31
57
83
24
36
91
55
39
258
276
59
46
79
66
75
92
30
29
289
116
45
37
38
29
231
313
37
52
64
205
46
149
165
145
78
37
53
298
97
92
91
28
281
56
41
363
88
66
81
34
59
84
50
55
65
58
18
251
54
60
95
16
105
62
62
144
50
251
85
75
39
92
316
105
29
41
38
30
71
71
44
207
39
18
54
266
69
47
74
68
79
111
81
79
223
105
89
272
162
67
115
23
48
89
134
57
59
65
57
308
111
59
22
13
46
347
113
338
38
96
248
102
66
301
46
110
93
60
108
116
67
83
54
41
102
35
227
35
270
119
59
84
25
37
39
63
242
311
38
32
41
25
55
34
63
35
234
227
310
323
68
58
58
87
111
87
303
75
114
38
79
274
291
121
65
268
100
52
47
231
53
51
61
25
68
66
255
1
86
50
41
336
72
45
36
307
46
60
260
94
234
71
301
219
221
73
73
47
195
144
188
87
16
52
47
96
75
72
36
50
72
279
67
122
64
16
74
35
232
35
181
50
45
59
105
29
58
40
64
39
81
46
56
78
57
84
42
85
125
250
41
68
91
65
99
62
46
139
69
173
93
146
63
27
63
30
0
5
142
37
70
43
78
50
101
46
301
97
86
66
44
44
36
254
46
92
283
65
67
301
32
74
60
47
269
65
160
65
89
106
90
47
5
98
65
39
34
71
87
37
92
13
42
112
17
51
65
22
82
68
58
45
63
191
294
288
60
41
56
381
55
66
59
79
293
37
36
74
56
334
100
144
47
58
62
81
25
28
104
38
22
254
56
87
54
59
59
92
56
32
85
48
371
44
72
45
111
280
112
66
34
30
32
96
40
61
31
92
41
82
68
62
75
74
125
175
43
8
80
43
70
40
61
61
37
198
22
49
323
42
46
78
86
353
67
116
45
142
97
51
21
249
182
21
34
251
54
68
237
14
81
81
49
53
120
82
165
96
63
32
46
54
8
163
33
93
268
303
81
74
49
354
315
37
28
26
18
88
50
63
59
82
120
46
257
77
14
103
69
136
89
78
66
38
69
104
313
247
84
89
83
37
75
75
52
100
48
181
97
103
94
73
68
130
138
263
14
82
79
306
32
93
244
88
59
60
167
82
107
345
30
58
209
301
192
38
83
303
69
251
372
45
222
75
88
101
84
36
68
265
32
381
308
153
154
41
70
94
33
86
89
69
33
37
38
77
112
43
61
73
225
51
36
39
96
50
2
56
31
66
52
267
46
351
52
45
53
42
391
71
75
187
59
94
70
59
138
218
290
30
73
117
32
324
241
58
244
252
34
212
86
60
242
81
83
73
64
76
22
56
77
66
71
39
98
240
163
63
280
26
261
68
330
166
49
313
50
39
68
365
47
69
93
113
56
59
78
41
153
45
89
72
51
405
52
34
70
288
72
41
83
53
361
78
216
52
78
32
275
65
381
61
78
238
57
13
35
293
132
82
340
51
24
49
60
94
59
67
59
41
144
46
137
98
42
298
75
47
57
108
210
33
21
87
222
334
61
84
68
75
84
273
234
68
26
55
55
41
75
156
83
180
56
72
54
66
308
117
59
65
66
40
156
100
261
47
57
107
60
140
76
68
81
77
46
79
57
53
82
96
123
77
84
63
71
117
112
33
63
31
33
73
56
63
243
218
339
38
64
61
56
63
63
76
23
303
34
288
68
289
46
50
74
60
60
87
67
81
28
93
50
50
105
88
96
37
104
330
116
312
9
55
244
62
82
62
67
93
26
34
62
135
49
62
267
42
131
44
59
86
62
106
121
366
37
31
228
39
45
46
56
53
279
85
87
327
373
282
79
238
74
50
79
75
63
210
62
42
53
86
107
53
62
51
64
37
83
268
220
93
51
70
59
56
46
94
81
29
7
29
189
99
86
44
305
25
69
79
102
32
89
50
79
80
8
312
84
59
289
84
60
24
71
68
85
62
114
86
325
208
49
118
55
45
82
95
41
20
77
39
322
31
283
338
56
97
90
56
322
40
30
114
58
37
62
17
331
61
102
259
48
88
38
110
104
87
58
23
302
122
84
75
80
57
298
52
92
77
49
66
90
108
81
103
52
20
61
131
148
126
60
41
70
70
72
366
51
391
229
97
38
279
11
62
33
96
46
72
85
86
84
77
52
139
34
48
72
63
90
323
97
238
34
71
322
44
35
32
38
276
29
70
103
23
53
97
64
284
140
67
18
120
106
57
55
104
66
31
244
67
42
46
116
89
78
38
88
296
159
105
30
307
42
141
40
71
15
61
72
89
77
79
114
44
113
57
53
353
48
119
33
346
177
46
87
83
79
310
82
38
183
37
116
51
42
117
49
8
265
63
61
49
56
65
75
49
56
42
51
36
33
81
311
96
54
19
57
265
67
154
63
103
33
263
120
44
92
24
56
109
64
215
58
85
90
97
322
41
68
36
39
17
276
59
65
37
93
91
26
38
95
270
30
59
44
54
71
40
73
380
79
75
50
56
42
50
78
96
82
35
134
71
317
89
71
47
45
36
49
62
95
308
47
286
78
24
56
55
72
86
88
50
278
221
68
100
382
2
321
336
44
282
65
110
70
114
51
15
64
63
135
59
44
97
116
29
72
115
352
164
52
114
124
41
56
85
31
58
49
38
25
50
85
82
223
100
72
140
63
71
83
67
65
58
53
74
94
43
72
46
55
62
45
58
427
100
132
65
91
276
265
72
232
99
218
109
79
90
59
57
31
84
71
66
18
33
71
72
25
57
77
112
50
61
36
75
70
61
64
11
13
46
48
40
46
6
31
73
74
96
28
341
50
23
97
80
96
118
53
60
44
80
26
42
228
49
236
51
61
23
81
32
61
53
62
90
96
95
57
77
19
62
74
82
40
23
316
234
344
258
69
69
144
34
61
120
187
100
62
15
62
45
35
73
66
82
46
72
21
65
281
56
38
85
59
34
74
104
73
74
50
65
79
78
77
60
111
32
44
55
97
142
68
222
57
102
71
157
86
204
73
77
93
103
23
182
239
98
45
87
11
49
301
339
82
6
45
47
107
51
319
72
0
75
58
74
86
53
51
66
151
68
376
38
53
82
46
27
89
94
91
45
63
108
78
74
351
21
28
43
105
83
77
104
6
237
121
52
37
88
106
94
53
76
64
91
74
85
63
80
367
67
116
55
37
74
82
260
36
104
366
114
93
326
66
297
86
46
70
80
38
377
37
261
114
60
111
63
34
63
15
44
286
47
348
306
92
102
69
64
288
102
49
64
30
45
39
78
47
65
70
218
69
65
47
72
40
213
44
263
61
115
6
363
79
257
330
110
54
75
272
124
56
26
77
40
29
46
64
74
69
54
75
98
91
68
284
237
126
137
65
81
42
12
314
103
59
119
41
112
56
262
52
61
60
40
63
10
97
15
43
44
128
104
346
46
53
33
60
60
270
30
55
333
133
37
55
23
19
257
326
71
73
95
281
24
77
56
87
65
166
33
127
57
97
128
94
79
37
62
104
71
60
39
75
58
84
195
58
36
39
92
67
64
230
42
39
55
61
18
71
17
44
26
219
73
16
49
106
83
49
49
-1
218
69
41
137
90
305
45
76
58
330
365
53
67
286
118
49
306
67
79
52
72
31
63
86
116
50
231
404
307
74
65
52
59
64
273
298
189
110
46
93
73
43
166
48
60
114
39
51
72
150
42
34
66
56
264
144
341
82
69
79
110
61
28
62
70
77
58
42
108
74
335
298
61
110
117
44
77
60
53
305
101
89
51
52
59
317
136
33
62
59
55
331
27
68
64
59
117
94
45
71
48
64
30
31
82
95
104
48
271
66
325
54
58
105
29
117
93
7
286
82
34
61
305
391
218
33
48
121
51
0
62
53
144
119
62
89
67
264
53
59
114
64
0
85
71
136
109
-2
69
60
42
46
64
40
68
33
64
97
61
286
44
105
97
292
63
98
55
7
36
79
326
104
24
67
71
276
65
42
86
190
282
57
251
49
77
100
58
25
292
104
82
92
317
74
227
140
52
65
82
58
90
62
110
102
83
49
59
70
73
101
337
48
67
69
290
76
53
292
90
84
55
147
70
80
50
42
265
273
311
306
318
34
78
103
30
87
42
47
57
81
307
70
261
27
108
95
281
68
69
74
49
99
48
63
51
71
159
10
94
67
78
99
172
24
39
63
332
73
58
54
38
62
55
23
43
70
80
255
79
119
153
29
107
55
259
305
42
15
65
26
47
280
43
81
100
42
272
97
42
61
111
65
65
333
91
89
67
35
67
26
47
24
341
40
72
92
93
58
85
53
94
32
229
58
43
89
58
279
76
41
292
247
272
74
110
84
73
47
44
247
50
306
32
51
58
105
253
86
296
71
56
42
221
163
57
28
74
284
75
77
73
109
60
176
27
54
50
57
32
84
44
318
76
64
69
31
102
61
172
76
8
40
49
65
21
65
49
40
56
67
94
37
50
70
31
44
42
60
295
62
59
73
14
91
55
72
63
92
109
71
304
66
113
25
334
121
71
56
15
273
55
95
54
3
77
326
48
69
215
53
36
40
35
72
76
91
70
374
131
321
115
26
136
326
101
120
103
27
42
80
98
13
63
63
13
62
307
82
82
52
43
315
248
94
51
60
54
33
170
64
75
73
58
179
79
311
194
76
42
24
20
89
58
70
45
61
73
73
43
74
72
72
57
42
362
24
70
67
55
67
19
64
88
277
93
38
71
77
43
50
20
51
43
97
83
60
44
52
56
91
45
396
53
337
108
86
37
108
331
46
57
71
43
38
104
50
68
44
42
92
25
68
100
37
296
33
75
94
68
68
374
67
27
287
140
84
61
62
90
65
289
170
312
181
289
324
42
69
79
65
82
29
68
44
346
80
56
85
135
62
275
242
68
62
40
295
63
251
221
262
221
49
102
84
159
76
250
87
289
51
56
340
65
56
120
179
60
320
65
54
53
27
259
69
75
60
257
52
42
354
91
10
66
156
57
80
42
45
359
112
38
83
37
45
61
70
247
59
194
78
307
131
91
292
82
286
70
58
21
43
249
97
333
84
101
65
92
251
59
327
89
82
47
43
191
275
92
62
69
78
97
31
71
356
103
83
38
316
52
66
124
130
42
188
38
112
191
44
74
53
47
39
61
14
71
156
166
358
87
39
27
347
52
58
103
56
77
43
335
230
212
32
243
56
74
103
80
26
10
15
139
26
21
126
54
41
113
69
45
276
354
65
63
73
112
105
86
361
84
42
38
259
77
33
66
49
349
40
27
304
271
115
162
33
103
41
95
41
69
58
83
30
72
41
208
88
62
50
42
238
397
75
22
106
30
327
186
223
276
276
43
31
281
61
276
241
70
44
298
36
80
88
49
313
280
241
127
48
132
81
200
116
56
53
72
76
51
58
69
62
39
109
46
90
59
78
404
66
48
79
91
84
44
61
328
14
35
205
20
95
70
110
62
47
34
209
33
254
70
324
60
111
41
49
43
244
26
47
285
314
89
75
262
42
69
80
52
81
52
261
213
53
176
157
64
36
98
38
234
291
38
293
73
311
50
100
66
49
59
52
129
103
253
135
91
103
70
286
282
105
46
68
96
33
56
29
127
103
51
273
120
60
40
44
70
256
65
67
89
78
84
329
193
24
61
302
70
308
67
73
16
109
116
296
124
102
132
275
362
69
138
341
27
220
289
58
58
64
43
112
78
42
79
58
49
261
68
22
76
33
310
43
267
64
127
68
51
312
28
65
43
368
47
66
37
255
174
42
82
314
13
52
131
97
41
286
64
344
73
16
201
32
279
89
62
61
293
87
31
301
94
318
192
72
33
38
48
88
104
34
322
171
296
45
77
51
45
66
323
80
32
108
56
56
110
45
113
252
186
360
282
62
91
70
100
87
98
154
79
11
82
25
48
335
54
33
79
108
55
78
119
56
231
76
75
107
189
42
178
285
49
66
131
71
88
86
54
73
37
325
47
108
311
151
93
77
37
28
44
313
55
78
332
95
63
66
73
38
62
53
219
239
77
103
59
195
55
24
11
125
64
182
40
313
322
216
298
312
70
161
39
106
21
52
302
116
170
48
220
295
86
20
78
252
282
94
75
51
98
61
99
297
81
63
334
66
103
101
47
79
59
106
48
293
314
198
3
205
55
107
87
159
230
88
141
52
63
271
99
72
107
80
75
48
66
69
97
91
285
42
30
311
42
49
43
56
275
82
66
67
118
265
250
67
37
64
66
11
81
52
61
53
34
74
92
296
66
61
17
99
345
58
46
330
112
51
61
132
279
19
53
42
91
102
71
46
34
129
91
217
250
80
81
44
43
16
34
101
162
69
89
100
77
89
275
106
63
269
312
256
68
68
109
103
66
277
109
42
52
310
240
87
200
33
91
110
58
73
57
300
39
223
75
77
37
152
89
246
43
315
18
238
178
63
51
97
38
67
36
78
273
27
90
41
32
154
70
68
268
72
22
286
95
233
213
84
35
23
70
265
68
288
90
110
56
115
73
97
66
298
78
98
75
82
301
318
268
21
47
283
295
41
166
97
293
67
101
61
308
98
22
74
80
235
42
154
79
171
111
86
33
49
130
107
80
44
18
332
35
305
81
342
236
91
97
226
266
36
39
81
35
181
62
308
96
310
61
266
28
76
38
250
86
61
74
217
43
48
76
263
46
235
41
69
178
289
68
42
73
271
288
68
48
262
38
184
57
91
96
129
30
53
31
66
229
74
105
36
259
87
63
272
275
246
110
22
92
76
329
295
214
84
210
221
55
34
67
198
230
91
75
64
8
81
51
252
90
299
236
62
53
276
66
75
82
67
105
248
163
62
108
127
57
23
81
50
336
221
34
40
58
41
62
45
30
83
54
257
61
71
53
64
225
102
80
180
93
68
112
263
57
187
289
189
34
11
59
109
42
224
40
49
209
186
318
141
43
286
315
214
187
37
57
54
42
79
77
68
43
295
238
67
300
80
74
44
139
69
42
21
60
72
200
46
40
272
86
265
60
67
127
107
312
195
97
63
81
48
161
228
250
141
75
256
-6
38
77
206
100
41
111
52
244
41
110
74
51
55
65
63
125
118
8
59
15
230
123
46
17
216
122
247
82
121
19
34
87
242
99
53
49
74
270
54
68
71
100
58
122
34
226
165
85
134
35
47
267
86
53
187
280
278
158
74
34
220
54
225
59
233
121
258
225
123
262
281
203
90
168
196
59
100
67
38
206
205
62
212
239
124
251
219
201
41
276
158
232
133
127
156
244
206
70
107
154
175
48
47
194
227
107
96
55
272
42
279
37
167
219
248
224
66
175
124
244
77
206
284
257
215
227
232
210
208
194
125
196
40
206
210
43
253
94
104
238
236
204
259
120
225
209
261
212
196
194
45
232
184
271
115
154
43
275
116
92
129
226
186
128
57
228
195
101
205
125
103
211
128
232
262
120
65
221
67
290
203
189
249
147
133
74
245
118
265
242
82
184
283
98
124
52
192
151
204
44
185
212
83
233
232
189
236
131
194
126
138
163
140
134
79
134
199
83
194
134
38
110
239
121
187
241
97
86
255
196
74
162
241
124
183
132
9
37
165
50
185
223
210
189
223
218
171
163
177
211
220
205
223
72
123
110
105
204
241
68
118
163
202
91
134
76
218
267
133
222
157
209
55
30
230
191
187
44
215
193
122
201
217
231
138
68
217
195
133
200
30
81
113
117
196
167
229
212
79
137
218
268
135
161
113
133
170
189
164
215
182
221
207
166
244
298
230
136
68
62
148
215
154
106
65
190
128
101
252
226
216
213
203
172
162
223
230
68
127
160
58
233
281
35
197
192
70
241
59
224
140
247
210
228
238
190
128
188
212
245
205
90
148
92
254
160
128
172
155
219
79
92
198
71
48
154
196
193
194
106
203
250
123
232
120
206
187
46
248
148
131
127
94
163
32
170
130
238
33
259
28
45
167
109
210
157
207
245
196
183
181
201
142
36
175
217
132
238
175
180
209
150
261
141
153
115
210
224
234
113
234
106
209
139
67
164
64
72
51
197
145
221
152
144
159
220
170
163
189
144
69
142
51
75
246
194
50
227
39
200
205
258
205
229
199
99
35
174
118
32
213
51
258
140
86
54
57
64
235
206
232
115
225
235
228
202
152
199
250
122
206
221
42
213
173
195
82
153
126
192
190
81
122
214
218
34
159
194
86
79
14
147
182
179
211
182
189
138
181
160
279
116
263
85
60
179
198
235
198
180
156
132
115
238
210
222
202
168
186
172
230
221
194
221
23
54
139
155
211
217
229
69
178
153
81
116
51
194
81
246
36
247
219
130
75
248
84
169
117
129
206
41
205
227
144
226
192
108
201
12
191
168
231
121
178
147
191
219
270
167
127
195
60
247
32
221
131
151
197
68
156
41
198
63
188
143
200
126
43
42
202
75
222
187
166
97
43
197
241
244
194
246
67
67
242
156
161
252
125
89
230
112
177
255
55
195
192
194
210
216
126
47
70
105
182
199
248
163
203
201
206
53
57
67
126
47
195
125
121
26
201
47
74
243
110
164
186
250
251
235
53
40
41
178
185
156
228
156
159
164
85
242
139
202
146
44
64
191
183
46
213
198
189
133
184
271
192
232
156
214
72
209
58
224
196
165
229
280
74
16
209
62
101
243
52
234
16
102
224
122
278
176
176
171
133
192
258
211
77
263
226
174
76
209
190
138
58
195
73
135
66
168
82
81
222
68
123
81
55
159
181
36
67
225
163
73
203
93
47
185
203
127
182
191
48
48
197
148
223
126
76
154
254
193
128
184
195
119
74
166
190
37
156
29
235
234
241
187
256
152
203
47
162
217
95
159
94
72
78
78
102
167
62
71
283
22
207
127
240
244
51
108
161
52
251
50
163
216
165
108
221
230
101
29
215
168
131
120
82
38
89
138
264
176
233
222
261
205
22
246
77
189
219
176
60
94
65
234
161
209
140
79
52
173
264
256
46
65
21
182
201
57
104
282
211
64
79
27
72
51
243
156
251
162
79
203
244
62
211
72
68
48
219
182
247
128
220
148
173
332
90
250
199
46
312
216
65
176
67
63
207
252
212
99
184
35
37
135
181
250
40
136
226
169
167
101
130
101
213
191
88
254
73
55
168
125
206
100
208
276
69
27
184
56
63
37
95
199
230
218
210
34
160
114
57
52
70
254
219
75
264
53
134
41
51
62
193
213
52
141
71
203
249
263
71
248
216
119
100
199
191
149
81
83
230
278
107
57
47
226
256
248
240
233
46
90
60
287
30
136
203
156
103
247
94
106
61
226
35
206
168
43
196
66
246
90
159
51
104
30
68
82
69
127
149
60
41
159
75
155
63
39
244
87
208
166
254
30
277
60
38
87
195
182
222
77
56
78
96
68
34
31
283
193
106
277
192
27
162
195
226
145
86
165
17
253
237
279
269
121
121
255
238
39
57
158
33
67
199
86
184
277
151
216
175
236
271
35
254
231
213
99
242
67
57
119
281
205
109
73
311
61
33
73
53
228
25
99
197
33
222
126
45
99
270
107
54
148
250
8
215
272
152
115
252
75
227
94
96
463
139
82
87
238
31
22
237
216
39
79
260
35
252
140
118
232
169
37
65
251
64
96
64
228
38
155
137
221
42
166
231
55
240
112
144
152
65
166
253
227
51
56
75
179
60
114
188
50
239
51
154
56
231
243
21
70
102
48
31
77
76
255
287
42
80
296
109
62
24
38
160
214
261
260
37
49
263
72
59
236
137
246
261
95
82
217
32
251
129
70
114
70
82
49
250
24
77
17
254
63
23
222
120
52
44
176
120
252
103
87
91
155
257
61
210
253
200
95
153
89
238
88
228
159
220
244
232
236
102
19
285
48
223
100
28
51
131
275
259
205
34
84
235
30
150
231
181
188
233
136
70
55
59
76
66
167
202
50
226
221
98
36
104
78
58
138
159
170
184
260
27
40
155
19
86
91
32
30
32
38
123
289
78
181
28
203
137
201
221
320
205
220
168
138
81
163
127
128
231
174
53
200
218
31
175
38
231
237
243
299
106
218
208
120
277
90
125
196
110
95
241
222
134
193
54
271
285
20
79
212
36
149
304
230
159
34
123
78
70
209
272
171
177
34
258
103
199
200
121
239
191
80
39
154
133
75
79
176
98
193
163
189
266
272
284
44
134
152
225
76
121
120
232
217
58
165
215
142
261
262
116
241
173
171
24
57
159
108
37
106
213
165
200
228
265
243
287
69
69
162
267
146
90
79
37
80
222
201
288
103
36
56
256
115
164
278
282
100
191
63
145
53
40
159
76
65
54
40
177
63
210
231
232
98
71
51
37
37
240
237
231
252
74
238
128
56
261
70
232
256
107
220
131
48
208
53
118
244
190
278
90
180
78
42
36
227
53
239
269
53
279
39
43
171
77
101
193
217
84
132
57
214
62
226
51
201
75
237
79
239
145
51
214
183
186
120
94
90
31
254
50
191
299
158
31
365
114
185
208
186
261
77
49
166
279
217
50
79
45
208
134
264
132
84
26
198
54
235
48
170
154
62
26
91
199
225
296
206
319
118
153
91
127
238
125
142
159
153
54
51
234
77
218
101
32
161
237
258
285
40
249
294
194
77
267
200
90
191
30
169
42
30
230
313
262
43
217
217
27
215
41
272
123
187
95
148
136
270
248
184
38
45
249
269
188
78
78
273
203
52
54
274
195
169
67
94
40
210
153
275
45
267
250
244
39
175
68
79
73
126
304
141
312
65
68
46
207
53
81
211
70
68
192
218
224
43
231
92
152
37
228
192
54
77
282
156
349
70
73
187
113
190
217
210
230
74
42
43
70
23
85
245
210
66
213
72
51
237
242
181
149
220
24
254
266
255
43
110
85
98
123
88
271
218
186
154
51
279
89
39
233
81
188
214
181
183
240
149
201
203
229
63
186
231
39
107
227
19
225
197
180
160
231
22
206
68
216
76
213
48
79
327
213
174
77
166
229
260
198
213
212
151
91
139
67
98
291
227
212
98
31
88
213
195
192
70
38
205
265
191
266
254
116
226
253
230
22
24
38
87
284
235
214
117
78
57
56
128
90
156
125
176
40
233
252
190
243
208
102
123
211
100
56
159
240
119
35
53
222
24
84
74
181
210
193
151
24
123
224
124
225
224
124
219
178
238
213
57
201
143
49
225
76
111
31
237
247
73
180
215
167
57
236
37
129
222
273
212
198
248
179
252
89
59
208
103
56
43
78
70
114
232
239
178
251
200
284
58
55
64
106
172
224
246
204
254
36
194
165
223
224
103
44
240
163
241
248
251
253
255
230
196
51
94
53
248
46
245
121
173
189
55
217
133
277
169
215
189
194
272
212
174
180
243
108
177
160
185
201
67
125
67
31
199
43
67
67
41
253
240
258
246
20
176
39
161
131
239
211
47
246
71
288
134
100
177
90
196
177
74
94
200
133
204
24
264
57
107
275
217
56
218
66
61
52
205
229
235
57
197
165
203
289
28
85
239
214
155
30
208
188
68
162
239
321
133
243
226
285
206
141
33
61
48
89
52
38
272
154
83
36
218
199
72
92
197
229
147
162
65
47
208
94
165
83
172
212
102
229
53
178
203
207
43
124
50
208
66
53
107
195
47
192
215
283
29
76
254
90
180
265
28
171
209
143
272
9
194
42
97
220
125
245
153
203
27
65
169
243
250
243
141
61
61
240
127
248
28
70
214
159
85
246
47
143
17
87
105
57
183
246
228
245
233
219
64
225
63
277
233
148
276
79
239
194
185
72
250
254
32
84
182
90
266
231
256
163
185
254
110
197
53
143
273
246
175
253
184
173
124
70
76
200
180
186
139
124
33
174
48
105
136
53
86
54
190
224
44
113
211
225
109
145
135
199
107
232
188
150
220
233
208
123
130
198
84
203
216
237
233
44
218
173
172
230
229
220
261
80
197
68
143
192
234
228
90
85
241
44
149
198
187
229
245
189
172
169
36
176
141
194
117
55
153
172
72
171
215
242
131
167
198
111
191
40
78
146
94
252
104
275
213
260
92
224
127
73
96
245
188
56
270
238
205
247
246
53
159
80
290
249
220
209
233
208
86
177
207
49
241
158
42
84
46
195
110
68
90
285
251
215
231
151
196
212
194
171
58
204
57
292
95
241
159
191
115
159
213
312
120
13
64
253
209
228
156
280
142
181
250
174
212
192
86
220
54
147
139
188
257
253
240
258
63
260
191
171
305
157
216
293
143
62
31
177
188
101
239
241
144
73
189
62
254
218
64
252
153
163
257
219
209
196
58
88
223
144
217
179
75
140
193
277
80
109
183
63
258
147
27
202
63
273
179
46
222
178
98
155
141
41
188
218
241
114
269
179
223
201
326
220
271
72
61
44
238
244
155
226
103
4
104
96
145
59
194
58
47
217
176
141
185
29
98
306
225
62
61
227
249
259
115
280
144
225
29
25
223
189
193
173
285
29
198
259
148
178
50
86
216
225
245
66
96
83
26
45
242
168
47
194
281
104
214
40
185
225
173
235
25
188
241
145
141
227
207
43
251
237
186
209
264
183
127
175
57
15
191
207
107
198
138
293
205
176
25
258
181
294
17
188
24
261
216
183
77
27
158
251
119
116
213
192
151
224
243
263
58
185
228
270
196
295
148
215
91
190
223
223
81
23
86
93
212
111
40
92
79
78
273
74
117
177
274
245
159
57
146
217
39
187
205
293
287
88
39
283
277
304
55
34
186
19
211
277
223
230
248
84
19
48
66
86
56
338
38
48
75
76
258
258
226
70
144
284
60
170
275
106
231
242
156
42
81
302
31
170
213
195
237
70
109
156
47
61
108
12
126
155
33
214
268
83
76
265
252
198
259
252
47
206
185
43
96
34
85
100
67
46
243
219
282
207
279
304
98
102
81
12
55
78
18
247
39
285
57
31
44
30
237
238
51
80
267
166
300
276
320
55
209
195
70
253
54
218
66
102
52
80
211
35
158
289
138
53
242
55
60
22
274
85
270
114
104
106
85
183
262
70
260
84
285
47
48
102
289
21
163
279
155
233
73
43
115
46
237
29
253
240
94
86
74
308
55
168
263
28
166
39
53
73
164
70
56
243
100
215
71
174
242
234
68
66
47
244
30
258
208
126
31
32
234
345
235
58
159
135
167
256
57
76
144
46
77
265
72
71
236
81
95
69
271
97
69
126
36
261
56
237
238
52
45
30
288
30
259
56
112
231
233
69
222
93
68
149
234
79
66
219
86
79
213
159
227
174
281
285
191
182
316
115
52
271
63
142
57
33
58
305
215
62
232
33
269
17
318
238
220
147
24
171
84
312
48
58
206
244
46
184
248
42
299
320
83
73
103
21
60
224
183
54
72
121
280
84
95
78
246
37
199
66
85
71
189
105
39
248
71
50
228
86
45
101
85
84
257
185
181
60
63
98
34
259
220
196
70
268
47
248
237
34
59
44
315
51
99
37
87
194
171
66
211
84
313
60
321
111
66
263
300
275
51
70
213
49
236
64
205
220
65
240
101
27
56
313
64
69
25
57
291
143
283
219
282
13
219
82
50
284
239
26
116
242
252
188
50
178
50
172
68
80
187
277
313
207
80
227
229
116
172
82
75
216
33
144
82
0
51
36
289
267
298
280
65
44
102
5
54
117
41
319
211
75
102
25
78
62
70
259
72
88
30
80
197
276
179
39
97
96
95
225
277
258
215
35
114
244
63
62
50
57
102
108
19
257
16
55
40
41
177
211
203
42
25
261
89
260
192
63
22
274
65
110
9
51
79
73
40
70
63
245
260
249
131
109
23
238
246
47
108
48
84
91
118
257
299
36
77
294
58
21
43
224
95
54
60
66
92
23
257
174
215
28
42
212
95
157
62
223
97
60
55
57
71
193
104
51
49
87
252
72
130
66
133
260
265
85
239
95
65
294
63
118
112
188
92
201
56
163
222
46
283
65
77
51
237
318
296
129
28
116
88
153
321
80
277
47
54
56
258
255
59
73
83
290
123
241
102
38
68
326
52
98
29
283
68
49
27
77
42
285
63
98
27
82
63
42
39
185
237
215
57
47
43
64
163
266
107
47
66
93
49
15
277
217
52
21
268
108
96
73
127
176
261
45
70
149
327
57
29
61
54
61
23
53
65
201
162
196
69
295
155
77
74
80
272
317
228
154
52
20
194
23
256
254
41
28
239
101
133
89
84
287
50
226
28
219
293
39
66
90
206
255
23
78
268
107
274
62
73
265
79
145
16
169
223
77
102
72
275
40
107
47
77
53
58
234
275
35
294
8
188
198
101
313
91
59
43
312
37
29
70
40
328
73
38
292
264
173
259
89
34
207
122
239
146
257
59
159
301
259
216
267
69
31
58
268
184
33
73
59
292
52
70
257
82
85
158
67
305
64
237
66
237
309
75
312
321
51
53
58
275
228
286
197
268
35
65
286
27
257
53
49
46
62
78
72
27
46
244
40
36
112
119
120
220
87
128
80
164
296
273
228
51
50
303
83
47
98
260
253
41
116
178
76
84
290
30
83
236
157
224
256
92
221
28
271
264
244
248
55
227
274
289
48
32
44
377
71
234
249
12
204
144
129
77
67
56
238
62
73
237
291
240
62
254
16
76
287
60
266
228
194
64
282
267
258
73
37
79
39
97
23
46
113
103
94
45
113
180
60
94
287
115
169
272
342
173
293
192
113
138
288
96
240
180
33
72
59
225
75
67
78
24
231
223
58
319
130
135
21
98
99
55
171
60
-2
144
55
245
81
15
37
94
253
181
221
60
65
81
284
47
218
102
84
241
70
285
89
31
226
186
93
46
61
84
98
68
185
110
39
301
225
207
65
104
42
26
62
123
125
56
105
300
51
68
249
307
88
319
45
99
232
58
325
105
43
40
33
15
257
93
75
76
26
58
53
73
72
95
223
84
105
189
45
83
250
55
30
265
64
261
83
131
53
286
232
56
92
116
202
74
62
83
35
123
77
306
64
278
281
245
251
144
52
60
44
79
89
280
71
84
43
37
299
264
46
239
55
67
271
63
83
75
241
56
131
28
235
117
26
306
65
233
256
50
23
275
56
48
62
109
68
62
79
237
54
74
42
52
64
91
68
259
213
115
341
81
63
270
224
40
259
294
119
48
67
41
281
283
283
68
107
104
50
168
298
41
54
64
32
60
48
356
38
298
64
28
17
44
322
56
83
63
23
181
32
186
24
208
50
62
95
292
64
321
8
93
318
181
294
196
103
42
46
99
58
79
149
114
37
59
95
112
84
360
82
275
65
62
262
74
60
138
54
46
59
98
320
76
201
192
265
289
60
13
360
81
297
181
67
65
46
45
34
47
110
67
42
129
122
165
242
300
312
109
36
71
363
83
46
114
109
108
98
91
295
76
80
174
288
311
95
37
312
214
23
336
62
374
85
270
189
52
102
252
269
45
36
184
30
68
48
245
48
62
54
266
93
279
45
57
317
59
43
40
64
166
247
335
252
19
117
37
60
70
311
57
138
68
328
43
272
47
72
75
131
235
330
44
263
31
109
100
45
73
86
62
24
116
55
53
47
31
51
102
35
350
180
274
63
42
266
55
81
43
41
45
82
38
81
74
76
47
52
129
88
68
40
56
57
75
39
102
68
70
109
266
53
31
265
57
250
263
70
282
179
166
84
259
57
147
65
47
86
23
133
28
314
98
68
56
82
89
94
232
267
84
85
80
74
89
65
105
267
64
22
64
81
67
222
346
274
165
290
90
39
27
99
283
101
58
48
68
80
90
85
55
87
40
285
50
100
383
43
48
100
262
68
70
55
282
49
78
39
222
169
53
268
279
305
81
245
85
46
99
7
64
45
71
21
96
201
354
176
95
46
184
79
67
308
77
37
283
112
38
268
132
168
100
258
100
161
342
90
253
301
290
134
188
66
51
223
51
116
62
65
168
63
86
279
58
72
68
85
66
56
57
360
11
22
53
40
93
39
92
39
38
24
84
107
240
181
99
59
118
60
67
66
65
43
40
62
105
268
94
97
158
275
72
111
128
224
49
6
127
266
254
250
50
71
272
235
284
213
179
76
27
267
41
272
306
87
18
37
221
116
105
63
105
215
211
28
68
110
115
49
130
74
81
125
53
344
70
43
59
60
279
62
48
55
39
59
79
74
291
51
112
99
100
94
64
45
276
80
61
85
50
77
66
95
71
60
43
99
58
97
84
24
78
324
52
271
41
59
35
55
22
69
48
280
327
96
67
35
52
158
108
24
69
315
24
54
123
98
283
45
254
74
111
350
358
43
33
227
117
63
125
74
241
196
95
71
105
24
207
69
73
251
84
319
39
95
39
24
138
70
319
127
71
65
289
281
282
52
80
39
133
248
104
273
68
26
118
78
55
45
31
38
60
185
18
297
272
238
263
311
263
74
67
28
61
53
50
107
294
81
9
50
107
223
304
45
216
294
85
220
71
48
36
37
77
122
84
327
79
34
78
19
32
218
44
300
78
68
67
48
32
18
223
171
63
167
63
80
54
50
67
252
40
186
78
43
175
86
41
71
82
52
330
62
61
40
41
100
63
132
40
60
71
223
19
71
55
78
41
101
82
104
116
36
183
87
102
158
200
74
97
81
314
47
80
121
107
77
54
79
50
220
54
199
68
345
94
295
61
29
222
16
57
78
266
61
63
205
99
109
80
24
287
94
19
309
329
168
353
42
280
55
46
272
89
60
96
43
107
312
66
54
58
41
33
84
257
73
38
318
75
103
75
67
114
174
100
71
79
74
51
66
272
289
71
86
285
333
47
136
28
331
206
158
62
27
57
61
68
177
108
40
15
27
252
116
45
59
77
55
69
73
88
177
193
290
200
79
90
104
80
249
76
87
252
309
27
45
219
37
35
271
83
251
82
43
35
73
44
34
37
60
119
138
35
150
294
58
35
308
70
65
51
142
75
100
236
78
33
63
232
49
55
65
110
61
250
75
270
15
172
84
221
79
93
53
185
24
70
129
135
104
101
67
55
44
220
117
250
77
94
66
78
290
60
259
24
58
61
375
91
42
184
73
231
111
66
70
35
273
78
58
103
47
293
56
268
256
237
80
59
41
138
