[68,267.0]
[82,277.0]
[64,151.0]
[63,227.0]
[62,326.0]
[68,152.0]
[63,258.0]
[66,74.0]
[61,54.0]
[64,275.0]
[56,111.0]
[63,313.0]
[63,206.0]
[63,321.0]
[49,65.0]
[58,56.0]
[53,57.0]
[61,104.0]
[64,367.0]
[63,333.0]
[64,225.0]
[62,310.0]
[77,84.0]
[56,56.0]
[82,235.0]
[63,62.0]
[61,376.0]
[63,103.0]
[63,183.0]
[62,343.0]
[63,281.0]
[61,232.0]
[81,751.0]
[63,231.0]
[62,86.0]
[63,53.0]
[72,168.0]
[64,104.0]
[71,271.0]
[71,55.0]
[58,185.0]
[63,181.0]
[65,267.0]
[63,167.0]
[63,372.0]
[54,63.0]
[61,239.0]
[64,299.0]
[61,132.0]
[58,61.0]
[60,353.0]
[63,54.0]
[64,54.0]
[76,408.0]
[62,62.0]
[64,432.0]
[61,364.0]
[82,309.0]
[63,81.0]
[61,188.0]
[71,967.0]
[64,477.0]
[63,233.0]
[59,69.0]
[64,232.0]
[62,138.0]
[64,96.0]
[58,194.0]
[60,63.0]
[64,475.0]
[77,244.0]
[67,94.0]
[53,125.0]
[61,245.0]
[61,155.0]
[62,404.0]
[79,236.0]
[83,230.0]
[62,77.0]
[52,63.0]
[63,259.0]
[64,111.0]
[79,159.0]
[60,270.0]
[70,231.0]
[63,379.0]
[56,70.0]
[63,340.0]
[68,307.0]
[65,232.0]
[64,373.0]
[62,355.0]
[55,147.0]
[52,111.0]
[63,343.0]
[63,206.0]
[73,229.0]
[71,71.0]
[64,238.0]
[74,113.0]
[75,197.0]
[60,210.0]
[57,56.0]
[63,280.0]
[62,202.0]
[66,873.0]
[72,344.0]
[66,296.0]
[78,231.0]
[62,73.0]
[65,354.0]
[62,205.0]
[61,146.0]
[66,289.0]
[73,186.0]
[62,305.0]
[70,417.0]
[63,462.0]
[58,53.0]
[63,130.0]
[63,75.0]
[65,141.0]
[79,252.0]
[63,221.0]
[77,86.0]
[73,110.0]
[62,356.0]
[60,297.0]
[54,71.0]
[62,450.0]
[61,214.0]
[64,262.0]
[62,171.0]
[59,251.0]
[58,273.0]
[63,236.0]
[64,507.0]
[75,188.0]
[62,423.0]
[83,329.0]
[63,120.0]
[62,57.0]
[70,132.0]
[73,279.0]
[83,296.0]
[62,291.0]
[57,54.0]
[85,296.0]
[58,57.0]
[65,254.0]
[62,161.0]
[53,141.0]
[69,54.0]
[75,144.0]
[68,56.0]
[63,158.0]
[64,64.0]
[68,490.0]
[61,228.0]
[74,268.0]
[64,162.0]
[82,251.0]
[83,232.0]
[63,301.0]
[65,179.0]
[56,56.0]
[63,547.0]
[62,149.0]
[65,286.0]
[65,60.0]
[50,59.0]
[69,148.0]
[64,93.0]
[63,89.0]
[63,272.0]
[66,295.0]
[62,144.0]
[64,219.0]
[64,370.0]
[71,206.0]
[69,55.0]
[62,502.0]
[57,99.0]
[64,408.0]
[64,594.0]
[62,307.0]
[61,56.0]
[60,344.0]
[74,254.0]
[64,88.0]
[63,96.0]
[64,90.0]
[63,344.0]
[58,64.0]
[69,70.0]
[62,174.0]
[60,420.0]
[62,54.0]
[58,58.0]
[62,348.0]
[68,479.0]
[63,163.0]
[63,181.0]
[68,304.0]
[64,213.0]
[52,61.0]
[62,72.0]
[63,299.0]
[63,450.0]
[59,97.0]
[82,254.0]
[58,131.0]
[68,111.0]
[81,283.0]
[64,125.0]
[61,169.0]
[58,103.0]
[64,125.0]
[62,129.0]
[58,90.0]
[62,325.0]
[63,291.0]
[56,179.0]
[65,235.0]
[62,64.0]
[61,54.0]
[85,232.0]
[61,79.0]
[80,130.0]
[61,163.0]
[63,131.0]
[63,241.0]
[61,94.0]
[63,189.0]
[76,242.0]
[63,60.0]
[77,469.0]
[65,334.0]
[63,176.0]
[63,269.0]
[78,287.0]
[78,122.0]
[63,336.0]
[78,189.0]
[63,88.0]
[78,301.0]
[55,131.0]
[62,422.0]
[61,78.0]
[63,142.0]
[64,442.0]
[65,116.0]
[75,88.0]
[51,80.0]
[74,186.0]
[60,235.0]
[61,156.0]
[63,59.0]
[73,339.0]
[62,395.0]
[65,85.0]
[60,305.0]
[67,280.0]
[62,426.0]
[71,103.0]
[82,185.0]
[56,56.0]
[62,263.0]
[67,175.0]
[64,145.0]
[62,254.0]
[60,57.0]
[56,60.0]
[63,773.0]
[77,160.0]
[60,350.0]
[66,71.0]
[60,308.0]
[58,238.0]
[62,135.0]
[50,55.0]
[74,84.0]
[55,165.0]
[65,357.0]
[56,69.0]
[60,178.0]
[64,271.0]
[72,216.0]
[54,54.0]
[72,82.0]
[65,742.0]
[59,84.0]
[71,225.0]
[62,314.0]
[54,61.0]
[52,56.0]
[62,79.0]
[77,109.0]
[66,284.0]
[64,395.0]
[59,102.0]
[65,461.0]
[80,215.0]
[63,226.0]
[65,218.0]
[68,346.0]
[54,54.0]
[64,256.0]
[63,367.0]
[63,249.0]
[62,437.0]
[78,165.0]
[84,395.0]
[63,62.0]
[63,430.0]
[59,246.0]
[60,136.0]
[62,123.0]
[70,93.0]
[55,53.0]
[71,300.0]
[60,606.0]
[79,201.0]
[61,148.0]
[59,53.0]
[63,60.0]
[68,181.0]
[57,98.0]
[57,56.0]
[59,87.0]
[61,279.0]
[60,377.0]
[62,375.0]
[63,112.0]
[63,263.0]
[64,265.0]
[61,78.0]
[72,78.0]
[60,81.0]
[62,272.0]
[65,255.0]
[61,74.0]
[62,59.0]
[63,659.0]
[70,119.0]
[62,320.0]
[69,54.0]
[84,312.0]
[64,95.0]
[68,154.0]
[63,191.0]
[63,329.0]
[66,217.0]
[55,188.0]
[62,255.0]
[77,99.0]
[59,56.0]
[60,70.0]
[64,270.0]
[64,84.0]
[58,79.0]
[63,305.0]
[62,295.0]
[63,347.0]
[63,463.0]
[72,264.0]
[70,131.0]
[64,524.0]
[80,317.0]
[66,494.0]
[63,162.0]
[45,59.0]
[56,58.0]
[56,57.0]
[63,574.0]
[62,216.0]
[66,975.0]
[61,61.0]
[64,236.0]
[59,101.0]
[64,331.0]
[64,379.0]
[64,177.0]
[62,290.0]
[62,231.0]
[63,199.0]
[63,351.0]
[63,366.0]
[61,84.0]
[58,144.0]
[60,79.0]
[65,254.0]
[63,147.0]
[63,156.0]
[61,182.0]
[85,367.0]
[80,323.0]
[68,289.0]
[77,423.0]
[65,318.0]
[59,53.0]
[66,112.0]
[64,72.0]
[74,393.0]
[66,186.0]
[50,71.0]
[63,367.0]
[63,66.0]
[62,240.0]
[59,254.0]
[63,199.0]
[61,185.0]
[64,501.0]
[61,60.0]
[62,257.0]
[77,152.0]
[82,926.0]
[56,60.0]
[63,764.0]
[66,104.0]
[66,115.0]
[56,57.0]
[63,284.0]
[62,161.0]
[55,78.0]
[63,271.0]
[61,70.0]
[58,64.0]
[64,70.0]
[58,77.0]
[64,92.0]
[62,344.0]
[61,135.0]
[65,314.0]
[61,171.0]
[64,263.0]
[62,196.0]
[71,167.0]
[62,348.0]
[53,54.0]
[63,415.0]
[63,53.0]
[63,439.0]
[58,83.0]
[63,508.0]
[64,61.0]
[70,62.0]
[59,214.0]
[69,75.0]
[81,326.0]
[82,242.0]
[64,88.0]
[64,121.0]
[61,185.0]
[62,287.0]
[64,331.0]
[63,172.0]
[56,70.0]
[62,176.0]
[53,81.0]
[51,74.0]
[58,53.0]
[63,304.0]
[71,120.0]
[62,60.0]
[57,53.0]
[77,266.0]
[63,320.0]
[63,101.0]
[58,284.0]
[63,314.0]
[63,161.0]
[63,332.0]
[86,342.0]
[64,116.0]
[57,119.0]
[84,429.0]
[62,108.0]
[63,67.0]
[72,230.0]
[61,74.0]
[81,296.0]
[65,53.0]
[84,320.0]
[79,340.0]
[65,406.0]
[63,87.0]
[77,210.0]
[61,111.0]
[62,83.0]
[64,327.0]
[63,139.0]
[64,189.0]
[63,307.0]
[65,268.0]
[76,158.0]
[86,249.0]
[64,217.0]
[78,193.0]
[62,73.0]
[64,69.0]
[64,174.0]
[62,84.0]
[64,267.0]
[57,189.0]
[63,126.0]
[62,80.0]
[64,266.0]
[63,203.0]
[61,126.0]
[71,189.0]
[61,55.0]
[61,266.0]
[53,56.0]
[63,164.0]
[63,496.0]
[57,55.0]
[61,239.0]
[56,195.0]
[61,58.0]
[70,235.0]
[73,77.0]
[79,108.0]
[62,157.0]
[64,272.0]
[63,304.0]
[63,87.0]
[60,307.0]
[62,68.0]
[58,54.0]
[61,77.0]
[61,54.0]
[62,111.0]
[62,202.0]
[64,137.0]
[64,495.0]
[64,161.0]
[64,294.0]
[63,81.0]
[64,175.0]
[63,383.0]
[63,337.0]
[64,217.0]
[64,137.0]
[66,333.0]
[61,150.0]
[57,60.0]
[62,395.0]
[64,151.0]
[78,216.0]
[58,55.0]
[63,202.0]
[64,234.0]
[60,141.0]
[62,236.0]
[64,55.0]
[63,261.0]
[63,155.0]
[72,518.0]
[62,339.0]
[66,146.0]
[64,346.0]
[84,304.0]
[63,279.0]
[61,354.0]
[63,243.0]
[64,223.0]
[62,362.0]
[63,292.0]
[55,187.0]
[64,379.0]
[63,103.0]
[62,92.0]
[69,158.0]
[65,261.0]
[61,380.0]
[75,128.0]
[61,224.0]
[59,163.0]
[66,64.0]
[67,312.0]
[63,58.0]
[75,177.0]
[68,225.0]
[83,226.0]
[63,362.0]
[63,470.0]
[61,392.0]
[59,101.0]
[60,228.0]
[65,330.0]
[63,278.0]
[77,248.0]
[65,379.0]
[55,150.0]
[58,184.0]
[57,126.0]
[67,164.0]
[63,56.0]
[64,169.0]
[57,205.0]
[55,71.0]
[65,158.0]
[66,75.0]
[63,75.0]
[61,135.0]
[63,116.0]
[63,259.0]
[62,316.0]
[61,168.0]
[54,154.0]
[56,54.0]
[63,504.0]
[64,295.0]
[65,58.0]
[61,56.0]
[49,64.0]
[56,123.0]
[63,392.0]
[61,278.0]
[62,225.0]
[63,438.0]
[86,392.0]
[53,131.0]
[62,135.0]
[64,209.0]
[61,57.0]
[62,425.0]
[56,144.0]
[61,126.0]
[77,806.0]
[72,260.0]
[63,97.0]
[59,54.0]
[63,159.0]
[79,307.0]
[58,55.0]
[58,107.0]
[77,216.0]
[63,489.0]
[62,114.0]
[62,61.0]
[75,242.0]
[57,56.0]
[79,280.0]
[62,343.0]
[65,179.0]
[63,482.0]
[61,194.0]
[56,59.0]
[55,55.0]
[62,217.0]
[63,138.0]
[64,215.0]
[60,75.0]
[62,131.0]
[64,347.0]
[64,73.0]
[66,117.0]
[64,503.0]
[60,375.0]
[61,157.0]
[63,119.0]
[57,54.0]
[61,57.0]
[63,133.0]
[62,477.0]
[59,121.0]
[58,66.0]
[60,88.0]
[56,81.0]
[64,291.0]
[72,136.0]
[63,83.0]
[79,310.0]
[64,306.0]
[79,190.0]
[63,113.0]
[61,138.0]
[82,318.0]
[60,58.0]
[62,82.0]
[60,105.0]
[66,107.0]
[75,123.0]
[61,332.0]
[72,198.0]
[57,69.0]
[67,303.0]
[55,54.0]
[78,234.0]
[84,166.0]
[64,423.0]
[61,61.0]
[70,65.0]
[59,53.0]
[62,93.0]
[63,174.0]
[59,62.0]
[65,247.0]
[61,75.0]
[57,171.0]
[62,365.0]
[63,468.0]
[63,478.0]
[56,53.0]
[64,522.0]
[64,325.0]
[63,293.0]
[66,255.0]
[64,225.0]
[61,338.0]
[65,189.0]
[62,429.0]
[51,101.0]
[71,123.0]
[61,184.0]
[85,184.0]
[79,184.0]
[56,110.0]
[63,126.0]
[55,154.0]
[64,311.0]
[70,101.0]
[59,190.0]
[77,182.0]
[63,270.0]
[64,754.0]
[63,546.0]
[62,228.0]
[65,61.0]
[64,168.0]
[62,65.0]
[60,139.0]
[57,55.0]
[59,65.0]
[63,140.0]
[64,69.0]
[64,597.0]
[68,103.0]
[62,263.0]
[62,152.0]
[77,260.0]
[63,432.0]
[59,264.0]
[63,66.0]
[70,55.0]
[75,163.0]
[61,120.0]
[72,80.0]
[63,346.0]
[60,53.0]
[62,336.0]
[61,53.0]
[64,469.0]
[58,60.0]
[52,88.0]
[85,434.0]
[62,177.0]
[61,83.0]
[62,158.0]
[66,91.0]
[65,312.0]
[66,362.0]
[63,170.0]
[72,59.0]
[61,61.0]
[62,168.0]
[58,66.0]
[63,145.0]
[63,461.0]
[63,109.0]
[63,311.0]
[63,365.0]
[64,178.0]
[72,302.0]
[65,273.0]
[63,359.0]
[60,55.0]
[62,123.0]
[79,223.0]
[62,434.0]
[63,426.0]
[60,364.0]
[63,236.0]
[63,188.0]
[63,205.0]
[59,55.0]
[55,58.0]
[62,343.0]
[63,65.0]
[87,585.0]
[63,486.0]
[60,122.0]
[60,61.0]
[64,74.0]
[50,95.0]
[63,297.0]
[70,73.0]
[62,98.0]
[63,171.0]
[51,55.0]
[64,269.0]
[63,362.0]
[64,241.0]
[58,60.0]
[61,99.0]
[63,74.0]
[58,64.0]
[62,392.0]
[58,370.0]
[72,320.0]
[81,238.0]
[57,296.0]
[61,201.0]
[59,60.0]
[62,178.0]
[70,283.0]
[56,66.0]
[63,90.0]
[62,97.0]
[77,154.0]
[70,77.0]
[59,329.0]
[65,246.0]
[62,108.0]
[73,198.0]
[64,600.0]
[67,182.0]
[61,70.0]
[61,87.0]
[58,442.0]
[63,358.0]
[64,174.0]
[62,53.0]
[55,60.0]
[57,110.0]
[57,54.0]
[56,68.0]
[55,56.0]
[62,111.0]
[63,349.0]
[56,88.0]
[66,403.0]
[63,344.0]
[73,114.0]
[66,258.0]
[65,166.0]
[59,56.0]
[57,65.0]
[62,118.0]
[56,57.0]
[80,309.0]
[82,260.0]
[64,92.0]
[62,215.0]
[61,110.0]
[57,110.0]
[57,59.0]
[82,212.0]
[62,207.0]
[61,86.0]
[58,330.0]
[55,132.0]
[77,336.0]
[63,475.0]
[59,64.0]
[73,85.0]
[68,212.0]
[64,598.0]
[72,260.0]
[56,62.0]
[63,134.0]
[64,153.0]
[56,139.0]
[62,86.0]
[61,273.0]
[59,471.0]
[71,98.0]
[61,123.0]
[61,236.0]
[62,63.0]
[64,71.0]
[72,135.0]
[64,220.0]
[63,367.0]
[64,439.0]
[64,396.0]
[61,345.0]
[62,265.0]
[63,375.0]
[64,140.0]
[61,101.0]
[64,309.0]
[73,292.0]
[71,186.0]
[64,336.0]
[63,62.0]
[54,54.0]
[64,297.0]
[53,58.0]
[58,58.0]
[64,272.0]
[55,122.0]
[70,119.0]
[62,111.0]
[52,55.0]
[50,57.0]
[62,184.0]
[62,214.0]
[66,89.0]
[63,332.0]
[60,162.0]
[63,247.0]
[64,225.0]
[59,342.0]
[59,78.0]
[68,297.0]
[84,361.0]
[64,254.0]
[63,367.0]
[61,384.0]
[60,184.0]
[62,218.0]
[55,60.0]
[63,231.0]
[63,520.0]
[62,279.0]
[63,395.0]
[81,289.0]
[72,320.0]
[59,278.0]
[63,131.0]
[62,398.0]
[55,79.0]
[54,53.0]
[61,58.0]
[61,83.0]
[72,70.0]
[60,141.0]
[63,324.0]
[62,221.0]
[62,82.0]
[61,408.0]
[64,332.0]
[64,969.0]
[69,262.0]
[74,87.0]
[58,58.0]
[65,446.0]
[64,355.0]
[63,303.0]
[75,106.0]
[63,73.0]
[71,68.0]
[65,350.0]
[64,224.0]
[63,426.0]
[67,102.0]
[80,243.0]
[62,154.0]
[81,256.0]
[58,145.0]
[63,315.0]
[82,138.0]
[72,187.0]
[64,306.0]
[63,110.0]
[60,54.0]
[63,118.0]
[59,53.0]
[63,225.0]
[47,61.0]
[62,397.0]
[61,347.0]
[79,337.0]
[62,150.0]
[59,55.0]
[70,223.0]
[64,166.0]
[73,460.0]
[64,368.0]
[62,154.0]
[81,305.0]
[63,313.0]
[63,198.0]
[62,70.0]
[63,120.0]
[64,371.0]
[56,109.0]
[65,77.0]
[75,119.0]
[62,263.0]
[63,69.0]
[63,214.0]
[63,403.0]
[63,778.0]
[57,60.0]
[76,90.0]
[65,263.0]
[61,414.0]
[66,279.0]
[64,356.0]
[56,237.0]
[63,250.0]
[59,57.0]
[81,305.0]
[83,378.0]
[68,290.0]
[61,263.0]
[81,149.0]
[63,462.0]
[63,139.0]
[63,141.0]
[59,70.0]
[74,295.0]
[63,367.0]
[65,93.0]
[60,195.0]
[69,116.0]
[60,406.0]
[68,234.0]
[62,66.0]
[60,64.0]
[61,139.0]
[64,59.0]
[68,109.0]
[67,78.0]
[61,151.0]
[68,164.0]
[64,97.0]
[65,598.0]
[65,154.0]
[64,259.0]
[61,203.0]
[57,56.0]
[64,295.0]
[63,484.0]
[72,264.0]
[63,242.0]
[64,344.0]
[61,254.0]
[75,159.0]
[63,381.0]
[73,96.0]
[63,483.0]
[61,124.0]
[64,79.0]
[63,177.0]
[82,185.0]
[63,88.0]
[60,303.0]
[64,93.0]
[64,65.0]
[63,410.0]
[64,453.0]
[64,153.0]
[64,174.0]
[57,115.0]
[62,70.0]
[64,303.0]
[68,289.0]
[59,317.0]
[65,252.0]
[64,154.0]
[80,388.0]
[62,134.0]
[64,237.0]
[62,115.0]
[71,92.0]
[60,246.0]
[69,63.0]
[77,150.0]
[71,307.0]
[60,478.0]
[64,236.0]
[62,56.0]
[63,399.0]
[76,303.0]
[62,104.0]
[79,164.0]
[78,170.0]
[62,109.0]
[54,55.0]
[63,440.0]
[65,341.0]
[61,290.0]
[56,58.0]
[59,320.0]
[62,84.0]
[57,53.0]
[54,78.0]
[63,137.0]
[60,69.0]
[93,70.0]
[61,327.0]
[63,745.0]
[56,59.0]
[79,177.0]
[51,91.0]
[62,257.0]
[83,206.0]
[63,410.0]
[64,281.0]
[67,73.0]
[63,194.0]
[60,110.0]
[62,201.0]
[79,212.0]
[82,371.0]
[79,122.0]
[85,386.0]
[64,301.0]
[57,73.0]
[64,72.0]
[63,248.0]
[64,415.0]
[63,464.0]
[61,70.0]
[58,207.0]
[65,375.0]
[76,152.0]
[63,185.0]
[64,264.0]
[61,232.0]
[64,370.0]
[59,191.0]
[77,153.0]
[64,204.0]
[59,81.0]
[81,666.0]
[62,308.0]
[59,211.0]
[59,75.0]
[59,92.0]
[63,352.0]
[62,60.0]
[64,394.0]
[61,62.0]
[64,392.0]
[60,54.0]
[68,349.0]
[62,293.0]
[55,202.0]
[70,214.0]
[63,110.0]
[58,243.0]
[60,127.0]
[64,148.0]
[52,54.0]
[66,134.0]
[62,460.0]
[60,363.0]
[68,267.0]
[65,158.0]
[66,349.0]
[61,265.0]
[72,124.0]
[61,95.0]
[63,78.0]
[60,189.0]
[46,71.0]
[64,71.0]
[63,93.0]
[73,176.0]
[58,131.0]
[59,107.0]
[56,54.0]
[81,976.0]
[63,359.0]
[63,292.0]
[63,126.0]
[73,216.0]
[57,189.0]
[62,110.0]
[64,74.0]
[63,54.0]
[67,280.0]
[62,390.0]
[61,547.0]
[64,212.0]
[68,71.0]
[70,100.0]
[63,450.0]
[80,173.0]
[62,415.0]
[77,171.0]
[84,266.0]
[56,53.0]
[63,264.0]
[60,362.0]
[62,504.0]
[64,232.0]
[63,55.0]
[63,310.0]
[60,665.0]
[47,55.0]
[61,390.0]
[77,197.0]
[62,53.0]
[71,398.0]
[64,190.0]
[70,112.0]
[81,255.0]
[64,67.0]
[65,67.0]
[79,250.0]
[62,231.0]
[79,268.0]
[80,179.0]
[74,247.0]
[73,144.0]
[56,68.0]
[78,264.0]
[65,133.0]
[62,130.0]
[61,69.0]
[61,247.0]
[60,67.0]
[78,290.0]
[60,344.0]
[79,150.0]
[58,236.0]
[51,63.0]
[62,219.0]
[61,53.0]
[49,65.0]
[60,198.0]
[63,274.0]
[64,265.0]
[64,116.0]
[61,355.0]
[64,347.0]
[60,67.0]
[69,67.0]
[63,467.0]
[59,71.0]
[76,127.0]
[73,142.0]
[68,159.0]
[63,172.0]
[81,156.0]
[62,390.0]
[63,87.0]
[71,181.0]
[64,70.0]
[73,250.0]
[65,212.0]
[61,407.0]
[60,104.0]
[65,184.0]
[55,65.0]
[56,54.0]
[62,111.0]
[59,54.0]
[47,66.0]
[62,214.0]
[54,58.0]
[62,396.0]
[56,139.0]
[82,220.0]
[64,326.0]
[83,353.0]
[85,427.0]
[61,303.0]
[63,86.0]
[60,230.0]
[63,176.0]
[82,240.0]
[64,291.0]
[57,59.0]
[63,206.0]
[54,98.0]
[65,146.0]
[79,222.0]
[64,479.0]
[60,374.0]
[68,216.0]
[84,326.0]
[58,108.0]
[74,117.0]
[78,359.0]
[81,172.0]
[64,270.0]
[64,322.0]
[67,284.0]
[60,127.0]
[82,388.0]
[59,343.0]
[59,165.0]
[62,231.0]
[63,355.0]
[63,269.0]
[64,252.0]
[64,320.0]
[61,55.0]
[66,307.0]
[71,101.0]
[63,353.0]
[60,237.0]
[62,53.0]
[61,317.0]
[75,227.0]
[62,61.0]
[60,57.0]
[61,87.0]
[57,53.0]
[66,105.0]
[63,200.0]
[58,56.0]
[56,53.0]
[62,102.0]
[51,106.0]
[62,277.0]
[60,195.0]
[71,77.0]
[63,165.0]
[64,177.0]
[63,598.0]
[63,84.0]
[60,55.0]
[63,426.0]
[78,106.0]
[61,163.0]
[73,265.0]
[58,53.0]
[51,70.0]
[85,956.0]
[60,97.0]
[83,274.0]
[62,358.0]
[63,456.0]
[56,60.0]
[62,217.0]
[61,58.0]
[61,144.0]
[80,221.0]
[59,294.0]
[64,172.0]
[79,362.0]
[62,54.0]
[69,90.0]
[63,308.0]
[62,165.0]
[64,80.0]
[60,84.0]
[77,242.0]
[73,101.0]
[61,67.0]
[64,81.0]
[63,551.0]
[63,90.0]
[68,188.0]
[63,151.0]
[62,359.0]
[72,82.0]
[61,57.0]
[63,138.0]
[63,231.0]
[63,169.0]
[63,446.0]
[63,193.0]
[53,59.0]
[63,67.0]
[63,630.0]
[64,731.0]
[85,441.0]
[76,168.0]
[56,192.0]
[65,250.0]
[57,142.0]
[63,91.0]
[63,274.0]
[63,92.0]
[63,156.0]
[59,135.0]
[58,131.0]
[59,190.0]
[71,72.0]
[68,176.0]
[63,294.0]
[65,135.0]
[63,120.0]
[71,248.0]
[63,331.0]
[64,67.0]
[65,227.0]
[61,74.0]
[64,132.0]
[64,693.0]
[60,175.0]
[61,488.0]
[67,108.0]
[62,852.0]
[60,134.0]
[59,135.0]
[60,110.0]
[63,71.0]
[63,430.0]
[63,218.0]
[63,278.0]
[74,263.0]
[54,62.0]
[58,93.0]
[67,70.0]
[62,468.0]
[74,321.0]
[63,100.0]
[60,72.0]
[59,81.0]
[64,77.0]
[61,304.0]
[76,185.0]
[65,174.0]
[63,225.0]
[62,305.0]
[66,110.0]
[63,173.0]
[70,121.0]
[64,193.0]
[66,105.0]
[84,414.0]
[61,145.0]
[66,65.0]
[63,477.0]
[63,456.0]
[62,96.0]
[59,122.0]
