0.121877
0.121877
0.130380
0.121877
0.116208
0.121877
0.082196
-0.243754
-0.439324
-0.198405
-0.068024
-0.008503
0.056687
0.104871
0.130380
0.113374
0.110540
0.116208
0.124711
0.127546
0.113374
0.110540
0.133214
0.133214
0.116208
0.136049
0.116208
0.110540
0.121877
0.130380
0.136049
0.121877
0.124711
0.121877
0.113374
0.121877
0.136049
0.136049
0.136049
0.121877
0.133214
# t 0
0.138883
0.133214
0.119043
0.113374
0.113374
0.150221
0.059521
-0.240920
-0.444993
-0.308944
-0.184233
-0.048184
0.051018
0.068024
0.065190
0.076527
0.124711
0.116208
0.116208
0.113374
0.124711
0.104871
0.136049
0.136049
0.133214
0.107705
0.102037
0.107705
0.141718
0.136049
0.116208
0.121877
0.136049
0.127546
0.144552
0.144552
0.121877
0.121877
0.124711
0.130380
0.119043
# t 0
0.119043
0.127546
0.133214
0.133214
0.127546
0.102037
0.107705
-0.042515
-0.399643
-0.266429
-0.136049
-0.022675
0.019840
0.048184
0.110540
0.087865
0.104871
0.099202
0.087865
0.099202
0.104871
0.130380
0.127546
0.127546
0.116208
0.124711
0.090699
0.130380
0.119043
0.124711
0.110540
0.116208
0.136049
0.127546
0.136049
0.133214
0.124711
0.127546
0.124711
0.130380
0.116208
# t 0
0.119043
0.116208
0.093534
0.121877
0.155889
0.116208
0.127546
-0.002834
-0.561201
-0.427987
-0.167227
-0.102037
-0.011337
0.045350
0.138883
0.102037
0.090699
0.099202
0.116208
0.121877
0.087865
0.150221
0.133214
0.113374
0.127546
0.136049
0.127546
0.136049
0.107705
0.121877
0.121877
0.133214
0.124711
0.113374
0.130380
0.116208
0.124711
0.121877
0.119043
0.119043
0.124711
# t 0
0.121877
0.133214
0.113374
0.121877
0.119043
0.121877
0.116208
-0.011337
-0.461999
-0.425153
-0.263595
-0.119043
-0.034012
0.017006
0.116208
0.104871
0.090699
0.085031
0.093534
0.127546
0.099202
0.104871
0.127546
0.124711
0.121877
0.121877
0.121877
0.130380
0.104871
0.130380
0.107705
0.136049
0.116208
0.121877
0.119043
0.104871
0.113374
0.127546
0.124711
0.138883
0.133214
# t 0
0.121877
0.113374
0.124711
0.113374
0.113374
0.147386
0.065190
-0.232417
-0.430821
-0.263595
-0.116208
-0.053853
0.005669
0.087865
0.116208
0.110540
0.099202
0.121877
0.104871
0.121877
0.096368
0.110540
0.119043
0.116208
0.119043
0.144552
0.121877
0.133214
0.136049
0.124711
0.127546
0.110540
0.119043
0.141718
0.121877
0.110540
0.138883
0.133214
0.116208
0.113374
0.104871
# t 0
0.104871
0.121877
0.119043
0.110540
0.119043
0.121877
0.124711
-0.065190
-0.459165
-0.399643
-0.240920
-0.119043
-0.031178
0.000000
0.102037
0.073693
0.082196
0.110540
0.087865
0.113374
0.104871
0.130380
0.119043
0.119043
0.116208
0.119043
0.116208
0.127546
0.136049
0.113374
0.113374
0.104871
0.102037
0.099202
0.130380
0.104871
0.127546
0.127546
0.127546
0.121877
0.121877
# t 0
0.124711
0.121877
0.121877
0.116208
0.121877
0.113374
0.087865
-0.170061
-0.413815
-0.206908
-0.039681
-0.022675
0.017006
0.065190
0.127546
0.107705
0.093534
0.116208
0.113374
0.130380
0.096368
0.116208
0.136049
0.121877
0.133214
0.119043
0.138883
0.127546
0.121877
0.119043
0.119043
0.099202
0.099202
0.124711
0.147386
0.102037
0.116208
0.119043
0.121877
0.096368
0.096368
# t 0
0.121877
0.127546
0.124711
0.121877
0.138883
0.127546
0.039681
-0.328785
-0.487508
-0.297607
-0.113374
-0.014172
0.034012
0.085031
0.113374
0.082196
0.099202
0.107705
0.119043
0.107705
0.121877
0.121877
0.116208
0.121877
0.124711
0.124711
0.136049
0.121877
0.127546
0.121877
0.130380
0.119043
0.124711
0.121877
0.116208
0.141718
0.121877
0.119043
0.107705
0.133214
0.104871
# t 0
0.119043
0.124711
0.110540
0.130380
0.133214
0.110540
0.048184
-0.274932
-0.473337
-0.235251
-0.107705
-0.039681
0.039681
0.073693
0.099202
0.073693
0.059521
0.096368
0.102037
0.107705
0.110540
0.121877
0.141718
0.121877
0.121877
0.121877
0.121877
0.121877
0.124711
0.110540
0.096368
0.133214
0.119043
0.136049
0.136049
0.119043
0.113374
0.130380
0.133214
0.133214
0.138883
# t 0
0.119043
0.124711
0.127546
0.110540
0.119043
0.133214
0.096368
-0.124711
-0.762440
-0.838968
-0.425153
-0.365631
-0.181398
-0.002834
0.073693
0.104871
0.053853
0.093534
0.096368
0.104871
0.082196
0.119043
0.119043
0.087865
0.133214
0.104871
0.113374
0.104871
0.116208
0.130380
0.144552
0.130380
0.124711
0.127546
0.130380
0.130380
0.104871
0.121877
0.104871
0.121877
0.110540
# t 0
0.116208
0.113374
0.113374
0.136049
0.130380
0.121877
0.102037
-0.079362
-0.419484
-0.297607
-0.170061
-0.099202
0.028344
0.045350
0.085031
0.090699
0.121877
0.124711
0.087865
0.087865
0.096368
0.107705
0.113374
0.127546
0.110540
0.121877
0.113374
0.104871
0.121877
0.121877
0.113374
0.121877
0.136049
0.110540
0.127546
0.113374
0.141718
0.116208
0.136049
0.121877
0.121877
# t 0
0.121877
0.104871
0.124711
0.136049
0.116208
0.133214
0.110540
-0.266429
-0.402478
-0.178564
-0.099202
0.011337
0.053853
0.124711
0.096368
0.104871
0.113374
0.110540
0.099202
0.110540
0.127546
0.116208
0.107705
0.113374
0.136049
0.136049
0.121877
0.121877
0.147386
0.121877
0.113374
0.136049
0.090699
0.119043
0.127546
0.144552
0.110540
0.116208
0.121877
0.124711
0.110540
# t 0
0.119043
0.127546
0.124711
0.116208
0.096368
0.124711
0.136049
-0.022675
-0.427987
-0.476171
-0.232417
-0.116208
-0.053853
0.011337
0.073693
0.070859
0.082196
0.087865
0.113374
0.124711
0.104871
0.113374
0.136049
0.104871
0.133214
0.144552
0.121877
0.141718
0.138883
0.127546
0.127546
0.110540
0.119043
0.116208
0.107705
0.104871
0.116208
0.124711
0.130380
0.107705
0.113374
# t 0
0.127546
0.136049
0.141718
0.136049
0.130380
0.130380
0.130380
0.039681
-0.841802
-0.569704
-0.048184
-0.059521
0.073693
0.051018
0.136049
0.133214
0.070859
0.119043
0.121877
0.102037
0.113374
0.141718
0.104871
0.133214
0.136049
0.119043
0.124711
0.113374
0.121877
0.136049
0.127546
0.116208
0.107705
0.119043
0.113374
0.136049
0.121877
0.153055
0.124711
0.121877
0.113374
# t 0
0.121877
0.119043
0.110540
0.110540
0.127546
0.144552
0.070859
-0.303276
-0.569704
-0.368466
-0.235251
-0.093534
-0.039681
0.056687
0.085031
0.099202
0.116208
0.130380
0.136049
0.102037
0.121877
0.121877
0.133214
0.096368
0.116208
0.119043
0.107705
0.116208
0.119043
0.107705
0.133214
0.127546
0.124711
0.127546
0.147386
0.124711
0.099202
0.136049
0.113374
0.119043
0.116208
# t 0
0.113374
0.124711
0.116208
0.124711
0.113374
0.107705
0.065190
-0.303276
-0.532858
-0.286269
-0.221079
-0.099202
-0.048184
0.039681
0.096368
0.079362
0.096368
0.113374
0.119043
0.104871
0.119043
0.127546
0.124711
0.124711
0.121877
0.102037
0.113374
0.130380
0.144552
0.130380
0.124711
0.127546
0.110540
0.136049
0.138883
0.127546
0.133214
0.121877
0.119043
0.127546
0.113374
# t 0
0.127546
0.127546
0.119043
0.121877
0.113374
0.121877
0.093534
-0.153055
-0.456330
-0.308944
-0.121877
-0.039681
-0.025509
0.028344
0.087865
0.116208
0.073693
0.096368
0.099202
0.102037
0.121877
0.113374
0.119043
0.116208
0.119043
0.130380
0.127546
0.113374
0.104871
0.133214
0.121877
0.130380
0.110540
0.121877
0.121877
0.107705
0.107705
0.121877
0.113374
0.090699
0.130380
# t 0
0.116208
0.113374
0.113374
0.127546
0.116208
0.130380
0.136049
-0.087865
-0.654735
-0.515852
-0.289104
-0.133214
-0.062356
0.051018
0.082196
0.087865
0.087865
0.090699
0.087865
0.121877
0.124711
0.136049
0.121877
0.133214
0.133214
0.133214
0.130380
0.124711
0.121877
0.107705
0.136049
0.136049
0.121877
0.133214
0.124711
0.141718
0.104871
0.104871
0.121877
0.124711
0.113374
# t 0
0.110540
0.130380
0.104871
0.116208
0.121877
0.107705
0.045350
-0.209742
-0.425153
-0.272098
-0.113374
-0.028344
0.022675
0.056687
0.113374
0.096368
0.102037
0.102037
0.119043
0.110540
0.130380
0.136049
0.144552
0.121877
0.147386
0.136049
0.116208
0.102037
0.119043
0.116208
0.136049
0.121877
0.099202
0.133214
0.102037
0.116208
0.127546
0.107705
0.127546
0.116208
0.121877
# t 0
0.121877
0.119043
0.121877
0.136049
0.116208
0.136049
0.130380
-0.141718
-0.753937
-0.456330
-0.277766
-0.124711
-0.022675
0.034012
0.102037
0.065190
0.076527
0.104871
0.110540
0.116208
0.121877
0.130380
0.147386
0.096368
0.096368
0.110540
0.136049
0.136049
0.136049
0.110540
0.124711
0.124711
0.113374
0.087865
0.107705
0.104871
0.104871
0.107705
0.138883
0.124711
0.136049
# t 0
0.121877
0.124711
0.124711
0.127546
0.104871
0.124711
0.116208
-0.119043
-0.603717
-0.501680
-0.340122
-0.215411
-0.008503
0.039681
0.090699
0.085031
0.110540
0.087865
0.099202
0.110540
0.121877
0.121877